   68
   18 1.000E+00 4.000E+00 4.510E+00 0.000E+00                    ISEL=    1
 5.000E+02 7.000E+02 1.000E+03 1.500E+03 2.000E+03 3.000E+03
 5.000E+03 7.000E+03 1.000E+04 1.500E+04 2.000E+04 3.000E+04
 5.000E+04 7.000E+04 1.000E+05 1.500E+05 2.000E+05 3.000E+05
 0.000E+00 0.000E+00 0.000E+00 0.000E+00 0.000E+00 0.000E+00
 3.200E-17 9.200E-17 2.500E-16 4.200E-16 6.000E-16 8.500E-16
 1.080E-15 1.200E-15 1.250E-15 1.220E-15 1.100E-15 7.900E-16
 3.000E-16 1.300E-16 4.400E-17 1.270E-17 4.900E-18 1.250E-18
 0.000E+00 0.000E+00 0.000E+00 0.000E+00 0.000E+00 0.000E+00
   21 1.000E+00 1.000E+00 4.650E+00 0.000E+00                    ISEL=    2
 5.000E+02 7.000E+02 1.000E+03 1.500E+03 2.000E+03 3.000E+03
 5.000E+03 7.000E+03 1.000E+04 1.500E+04 2.000E+04 3.000E+04
 4.000E+04 5.000E+04 6.000E+04 7.000E+04 8.000E+04 1.000E+05
 1.500E+05 2.000E+05 3.000E+05 0.000E+00 0.000E+00 0.000E+00
 1.800E-15 1.690E-15 1.590E-15 1.460E-15 1.340E-15 1.200E-15
 1.040E-15 9.400E-16 8.200E-16 6.430E-16 5.000E-16 2.950E-16
 1.750E-16 1.040E-16 6.295E-17 3.950E-17 2.587E-17 1.240E-17
 2.780E-18 7.300E-19 1.110E-19 0.000E+00 0.000E+00 0.000E+00
   18 1.000E+00 1.000E+00 4.640E+00 0.000E+00                    ISEL=    3
 5.000E+02 7.000E+02 1.000E+03 1.500E+03 2.000E+03 3.000E+03
 5.000E+03 7.000E+03 1.000E+04 1.500E+04 2.000E+04 3.000E+04
 5.000E+04 7.000E+04 1.000E+05 1.500E+05 2.000E+05 3.000E+05
 0.000E+00 0.000E+00 0.000E+00 0.000E+00 0.000E+00 0.000E+00
 1.800E-15 1.690E-15 1.590E-15 1.460E-15 1.340E-15 1.200E-15
 1.030E-15 9.200E-16 7.950E-16 6.000E-16 4.450E-16 2.450E-16
 8.600E-17 3.350E-17 1.000E-17 1.700E-18 6.000E-19 1.000E-19
 0.000E+00 0.000E+00 0.000E+00 0.000E+00 0.000E+00 0.000E+00
   18 1.000E+00 4.000E+00 4.510E+00 0.000E+00                    ISEL=    4
 5.000E+02 7.000E+02 1.000E+03 1.500E+03 2.000E+03 3.000E+03
 5.000E+03 7.000E+03 1.000E+04 1.500E+04 2.000E+04 3.000E+04
 5.000E+04 7.000E+04 1.000E+05 1.500E+05 2.000E+05 3.000E+05
 0.000E+00 0.000E+00 0.000E+00 0.000E+00 0.000E+00 0.000E+00
 7.800E-17 1.310E-16 2.200E-16 3.650E-16 5.300E-16 8.200E-16
 1.120E-15 1.200E-15 1.180E-15 9.800E-16 8.230E-16 5.830E-16
 3.000E-16 1.620E-16 6.000E-17 1.350E-17 4.300E-18 1.000E-18
 0.000E+00 0.000E+00 0.000E+00 0.000E+00 0.000E+00 0.000E+00
   23 1.000E+00 1.200E+01 4.590E+00 0.000E+00                    ISEL=    5
 5.000E+02 7.000E+02 1.000E+03 1.500E+03 2.000E+03 3.000E+03
 5.000E+03 7.000E+03 1.000E+04 1.500E+04 2.000E+04 3.000E+04
 4.000E+04 5.000E+04 6.000E+04 7.000E+04 8.000E+04 1.000E+05
 1.500E+05 2.000E+05 3.000E+05 5.000E+05 1.000E+06 0.000E+00
 3.800E-15 4.600E-15 5.060E-15 4.850E-15 4.750E-15 4.650E-15
 4.310E-15 4.150E-15 3.940E-15 3.700E-15 3.460E-15 3.000E-15
 2.578E-15 2.170E-15 1.788E-15 1.440E-15 1.137E-15 6.920E-16
 2.200E-16 9.340E-17 2.030E-17 1.950E-18 8.100E-20 0.000E+00
   23 1.000E+00 1.600E+01 4.470E+00 0.000E+00                    ISEL=    6
 5.000E+02 7.000E+02 1.000E+03 1.500E+03 2.000E+03 3.000E+03
 5.000E+03 7.000E+03 1.000E+04 1.500E+04 2.000E+04 3.000E+04
 4.000E+04 5.000E+04 6.000E+04 7.000E+04 8.000E+04 1.000E+05
 1.500E+05 2.000E+05 3.000E+05 5.000E+05 1.000E+06 0.000E+00
 4.650E-15 5.200E-15 5.800E-15 6.600E-15 6.900E-15 7.100E-15
 6.700E-15 6.250E-15 5.700E-15 5.000E-15 4.600E-15 4.050E-15
 3.570E-15 3.110E-15 2.669E-15 2.240E-15 1.837E-15 1.180E-15
 3.950E-16 1.770E-16 4.800E-17 4.900E-18 2.210E-19 0.000E+00
   18 1.000E+00 1.000E+00 4.640E+00 0.000E+00                    ISEL=    7
 5.000E+02 7.000E+02 1.000E+03 1.500E+03 2.000E+03 3.000E+03
 5.000E+03 7.000E+03 1.000E+04 1.500E+04 2.000E+04 3.000E+04
 5.000E+04 7.000E+04 1.000E+05 1.500E+05 2.000E+05 3.000E+05
 0.000E+00 0.000E+00 0.000E+00 0.000E+00 0.000E+00 0.000E+00
 1.900E-15 1.780E-15 1.630E-15 1.460E-15 1.340E-15 1.200E-15
 1.030E-15 9.200E-16 7.950E-16 6.000E-16 4.450E-16 2.450E-16
 9.620E-17 4.350E-17 1.540E-17 3.770E-18 1.290E-18 2.350E-19
 0.000E+00 0.000E+00 0.000E+00 0.000E+00 0.000E+00 0.000E+00
   18 1.000E+00 4.000E+00 3.530E+00 0.000E+00                    ISEL=    8
 5.000E+02 7.000E+02 1.000E+03 1.500E+03 2.000E+03 3.000E+03
 5.000E+03 7.000E+03 1.000E+04 1.500E+04 2.000E+04 3.000E+04
 5.000E+04 7.000E+04 1.000E+05 1.500E+05 2.000E+05 3.000E+05
 0.000E+00 0.000E+00 0.000E+00 0.000E+00 0.000E+00 0.000E+00
 6.000E-18 2.600E-17 8.400E-17 3.200E-16 6.000E-16 1.000E-15
 1.280E-15 1.300E-15 1.180E-15 9.800E-16 8.230E-16 5.830E-16
 3.000E-16 1.620E-16 6.700E-17 1.950E-17 7.700E-18 1.850E-18
 0.000E+00 0.000E+00 0.000E+00 0.000E+00 0.000E+00 0.000E+00
   18 1.000E+00 1.200E+01 4.250E+00 0.000E+00                    ISEL=    9
 5.000E+02 7.000E+02 1.000E+03 1.500E+03 2.000E+03 3.000E+03
 5.000E+03 7.000E+03 1.000E+04 1.500E+04 2.000E+04 3.000E+04
 5.000E+04 7.000E+04 1.000E+05 1.500E+05 2.000E+05 3.000E+05
 0.000E+00 0.000E+00 0.000E+00 0.000E+00 0.000E+00 0.000E+00
 4.920E-15 5.050E-15 5.060E-15 4.850E-15 4.750E-15 4.650E-15
 4.310E-15 4.150E-15 3.940E-15 3.700E-15 3.460E-15 3.000E-15
 2.170E-15 1.440E-15 6.920E-16 2.200E-16 9.340E-17 2.350E-17
 0.000E+00 0.000E+00 0.000E+00 0.000E+00 0.000E+00 0.000E+00
   18 1.000E+00 1.600E+01 4.800E+00 0.000E+00                    ISEL=   10
 5.000E+02 7.000E+02 1.000E+03 1.500E+03 2.000E+03 3.000E+03
 5.000E+03 7.000E+03 1.000E+04 1.500E+04 2.000E+04 3.000E+04
 5.000E+04 7.000E+04 1.000E+05 1.500E+05 2.000E+05 3.000E+05
 0.000E+00 0.000E+00 0.000E+00 0.000E+00 0.000E+00 0.000E+00
 6.360E-15 6.650E-15 6.460E-15 5.850E-15 5.550E-15 5.200E-15
 5.030E-15 4.950E-15 4.880E-15 4.720E-15 4.500E-15 4.050E-15
 3.110E-15 2.240E-15 1.180E-15 3.950E-16 1.770E-16 4.800E-17
 0.000E+00 0.000E+00 0.000E+00 0.000E+00 0.000E+00 0.000E+00
   18 5.447E-04 1.000E+00 1.000E+00 1.360E+01                    ISEL=   11
 3.121E+04 3.745E+04 4.370E+04 4.994E+04 6.242E+04 7.491E+04
 9.988E+04 1.248E+05 1.748E+05 2.497E+05 3.745E+05 7.491E+05
 1.248E+06 2.497E+06 7.493E+06 2.497E+07 7.493E+07 2.497E+08
 0.000E+00 0.000E+00 0.000E+00 0.000E+00 0.000E+00 0.000E+00
 1.830E-17 3.140E-17 4.170E-17 5.010E-17 6.160E-17 6.790E-17
 7.200E-17 7.070E-17 6.400E-17 5.380E-17 4.170E-17 2.500E-17
 1.650E-17 9.100E-18 3.440E-18 1.160E-18 4.220E-19 1.390E-20
 0.000E+00 0.000E+00 0.000E+00 0.000E+00 0.000E+00 0.000E+00
   18 1.000E+00 1.000E+00 1.000E+00 1.360E+01                    ISEL=   12
 1.500E+03 2.000E+03 3.000E+03 5.000E+03 7.000E+03 1.000E+04
 1.500E+04 2.000E+04 3.000E+04 5.000E+04 7.000E+04 1.000E+05
 1.500E+05 2.000E+05 3.000E+05 5.000E+05 7.000E+05 1.000E+06
 0.000E+00 0.000E+00 0.000E+00 0.000E+00 0.000E+00 0.000E+00
 1.200E-17 1.700E-17 2.750E-17 4.700E-17 6.400E-17 8.400E-17
 1.080E-16 1.200E-16 1.380E-16 1.400E-16 1.350E-16 1.120E-16
 8.500E-17 7.100E-17 5.300E-17 3.350E-17 2.630E-17 1.970E-17
 0.000E+00 0.000E+00 0.000E+00 0.000E+00 0.000E+00 0.000E+00
   18 1.000E+00 4.000E+00 1.000E+00 1.360E+01                    ISEL=   13
 1.500E+03 2.000E+03 3.000E+03 5.000E+03 7.000E+03 1.000E+04
 1.500E+04 2.000E+04 3.000E+04 5.000E+04 7.000E+04 1.000E+05
 1.500E+05 2.000E+05 3.000E+05 5.000E+05 7.000E+05 1.000E+06
 0.000E+00 0.000E+00 0.000E+00 0.000E+00 0.000E+00 0.000E+00
 2.690E-17 3.960E-17 5.950E-17 8.240E-17 9.880E-17 1.180E-16
 1.500E-16 1.770E-16 2.180E-16 2.560E-16 2.650E-16 2.580E-16
 2.280E-16 2.050E-16 1.690E-16 1.320E-16 1.150E-16 9.810E-17
 0.000E+00 0.000E+00 0.000E+00 0.000E+00 0.000E+00 0.000E+00
   18 1.000E+00 1.200E+01 1.000E+00 1.360E+01                    ISEL=   14
 1.500E+03 2.000E+03 3.000E+03 5.000E+03 7.000E+03 1.000E+04
 1.500E+04 2.000E+04 3.000E+04 5.000E+04 7.000E+04 1.000E+05
 1.500E+05 2.000E+05 3.000E+05 5.000E+05 7.000E+05 1.000E+06
 0.000E+00 0.000E+00 0.000E+00 0.000E+00 0.000E+00 0.000E+00
 6.380E-18 1.500E-17 3.920E-17 9.420E-17 1.440E-16 1.920E-16
 2.470E-16 2.890E-16 3.540E-16 4.770E-16 5.770E-16 6.850E-16
 7.670E-16 7.930E-16 7.750E-16 6.580E-16 5.700E-16 4.810E-16
 0.000E+00 0.000E+00 0.000E+00 0.000E+00 0.000E+00 0.000E+00
   18 1.000E+00 1.600E+01 1.000E+00 1.360E+01                    ISEL=   15
 1.500E+03 2.000E+03 3.000E+03 5.000E+03 7.000E+03 1.000E+04
 1.500E+04 2.000E+04 3.000E+04 5.000E+04 7.000E+04 1.000E+05
 1.500E+05 2.000E+05 3.000E+05 5.000E+05 7.000E+05 1.000E+06
 0.000E+00 0.000E+00 0.000E+00 0.000E+00 0.000E+00 0.000E+00
 3.070E-18 8.510E-18 2.720E-17 7.970E-17 1.340E-16 2.050E-16
 2.730E-16 3.290E-16 4.100E-16 5.380E-16 6.570E-16 7.940E-16
 9.520E-16 1.020E-15 1.060E-15 9.700E-16 8.610E-16 7.350E-16
 0.000E+00 0.000E+00 0.000E+00 0.000E+00 0.000E+00 0.000E+00
   18 1.000E+00 1.200E+01 1.000E+00 1.360E+01                    ISEL=   16
 1.500E+03 2.000E+03 3.000E+03 5.000E+03 7.000E+03 1.000E+04
 1.500E+04 2.000E+04 3.000E+04 5.000E+04 7.000E+04 1.000E+05
 1.500E+05 2.000E+05 3.000E+05 5.000E+05 7.000E+05 1.000E+06
 0.000E+00 0.000E+00 0.000E+00 0.000E+00 0.000E+00 0.000E+00
 2.650E-18 3.200E-18 3.400E-18 6.500E-18 8.800E-18 1.270E-17
 2.050E-17 3.050E-17 5.700E-17 1.940E-16 4.850E-16 8.220E-16
 1.050E-15 1.040E-15 9.900E-16 8.900E-16 7.890E-16 6.300E-16
 0.000E+00 0.000E+00 0.000E+00 0.000E+00 0.000E+00 0.000E+00
   18 1.000E+00 1.600E+01 1.000E+00 1.360E+01                    ISEL=   17
 1.500E+03 2.000E+03 3.000E+03 5.000E+03 7.000E+03 1.000E+04
 1.500E+04 2.000E+04 3.000E+04 5.000E+04 7.000E+04 1.000E+05
 1.500E+05 2.000E+05 3.000E+05 5.000E+05 7.000E+05 1.000E+06
 0.000E+00 0.000E+00 0.000E+00 0.000E+00 0.000E+00 0.000E+00
 5.500E-18 6.400E-18 7.950E-18 1.030E-17 1.250E-17 1.560E-17
 2.150E-17 2.900E-17 5.500E-17 1.930E-16 4.850E-16 9.710E-16
 1.340E-15 1.440E-15 1.490E-15 1.370E-15 1.200E-15 9.810E-16
 0.000E+00 0.000E+00 0.000E+00 0.000E+00 0.000E+00 0.000E+00
   18 1.000E+00 4.000E+00 1.000E+00 1.360E+01                    ISEL=   18
 1.500E+03 2.000E+03 3.000E+03 5.000E+03 7.000E+03 1.000E+04
 1.500E+04 2.000E+04 3.000E+04 5.000E+04 7.000E+04 1.000E+05
 1.500E+05 2.000E+05 3.000E+05 5.000E+05 7.000E+05 1.000E+06
 0.000E+00 0.000E+00 0.000E+00 0.000E+00 0.000E+00 0.000E+00
 1.830E-17 2.560E-17 3.700E-17 5.200E-17 6.500E-17 8.100E-17
 1.070E-16 1.380E-16 2.250E-16 4.000E-16 4.250E-16 3.800E-16
 3.050E-16 2.550E-16 1.920E-16 1.300E-16 9.600E-17 6.900E-17
 0.000E+00 0.000E+00 0.000E+00 0.000E+00 0.000E+00 0.000E+00
   18 1.000E+00 1.200E+01 1.000E+00 1.360E+01                    ISEL=   19
 1.500E+03 2.000E+03 3.000E+03 5.000E+03 7.000E+03 1.000E+04
 1.500E+04 2.000E+04 3.000E+04 5.000E+04 7.000E+04 1.000E+05
 1.500E+05 2.000E+05 3.000E+05 5.000E+05 7.000E+05 1.000E+06
 0.000E+00 0.000E+00 0.000E+00 0.000E+00 0.000E+00 0.000E+00
 6.380E-18 1.500E-17 3.920E-17 9.420E-17 1.440E-16 1.920E-16
 2.470E-16 2.890E-16 3.800E-16 5.300E-16 6.700E-16 8.500E-16
 1.050E-15 1.040E-15 9.900E-16 8.900E-16 7.890E-16 6.300E-16
 0.000E+00 0.000E+00 0.000E+00 0.000E+00 0.000E+00 0.000E+00
   18 1.000E+00 1.600E+01 1.000E+00 1.360E+01                    ISEL=   20
 1.500E+03 2.000E+03 3.000E+03 5.000E+03 7.000E+03 1.000E+04
 1.500E+04 2.000E+04 3.000E+04 5.000E+04 7.000E+04 1.000E+05
 1.500E+05 2.000E+05 3.000E+05 5.000E+05 7.000E+05 1.000E+06
 0.000E+00 0.000E+00 0.000E+00 0.000E+00 0.000E+00 0.000E+00
 3.070E-18 8.510E-18 2.720E-17 7.970E-17 1.340E-16 2.050E-16
 2.730E-16 3.290E-16 4.300E-16 6.200E-16 8.100E-16 1.050E-15
 1.340E-15 1.440E-15 1.490E-15 1.370E-15 1.200E-15 9.810E-16
 0.000E+00 0.000E+00 0.000E+00 0.000E+00 0.000E+00 0.000E+00
   18 1.000E+00 1.000E+00 1.000E+00 1.020E+01                    ISEL=   21
 1.000E+03 1.500E+03 2.000E+03 3.000E+03 5.000E+03 7.000E+03
 1.000E+04 1.500E+04 2.000E+04 3.000E+04 5.000E+04 7.000E+04
 1.000E+05 1.500E+05 2.000E+05 3.000E+05 5.000E+05 7.000E+05
 0.000E+00 0.000E+00 0.000E+00 0.000E+00 0.000E+00 0.000E+00
 2.480E-17 2.630E-17 2.890E-17 3.460E-17 3.900E-17 3.600E-17
 3.110E-17 3.900E-17 5.250E-17 7.500E-17 9.800E-17 9.800E-17
 9.050E-17 7.550E-17 6.500E-17 5.000E-17 3.570E-17 2.780E-17
 0.000E+00 0.000E+00 0.000E+00 0.000E+00 0.000E+00 0.000E+00
   18 1.000E+00 1.000E+00 1.000E+00 1.209E+01                    ISEL=   22
 1.000E+03 1.500E+03 2.000E+03 3.000E+03 5.000E+03 7.000E+03
 1.000E+04 1.500E+04 2.000E+04 3.000E+04 5.000E+04 7.000E+04
 1.000E+05 1.500E+05 2.000E+05 3.000E+05 5.000E+05 7.000E+05
 0.000E+00 0.000E+00 0.000E+00 0.000E+00 0.000E+00 0.000E+00
 7.580E-19 8.040E-19 8.830E-19 1.060E-18 1.190E-18 1.100E-18
 2.450E-18 7.100E-18 1.200E-17 1.800E-17 2.120E-17 2.250E-17
 1.930E-17 1.510E-17 1.270E-17 9.700E-18 6.900E-18 5.500E-18
 0.000E+00 0.000E+00 0.000E+00 0.000E+00 0.000E+00 0.000E+00
   18 1.000E+00 1.000E+00 1.000E+00 1.275E+01                    ISEL=   23
 1.000E+03 1.500E+03 2.000E+03 3.000E+03 5.000E+03 7.000E+03
 1.000E+04 1.500E+04 2.000E+04 3.000E+04 5.000E+04 7.000E+04
 1.000E+05 1.500E+05 2.000E+05 3.000E+05 5.000E+05 7.000E+05
 0.000E+00 0.000E+00 0.000E+00 0.000E+00 0.000E+00 0.000E+00
 2.780E-19 2.950E-19 3.240E-19 3.880E-19 4.380E-19 4.040E-19
 9.000E-19 2.120E-18 3.610E-18 5.760E-18 7.750E-18 8.000E-18
 6.920E-18 5.300E-18 4.370E-18 3.340E-18 2.300E-18 1.780E-18
 0.000E+00 0.000E+00 0.000E+00 0.000E+00 0.000E+00 0.000E+00
   18 1.000E+00 1.000E+00 1.000E+00 1.306E+01                    ISEL=   24
 1.000E+03 1.500E+03 2.000E+03 3.000E+03 5.000E+03 7.000E+03
 1.000E+04 1.500E+04 2.000E+04 3.000E+04 5.000E+04 7.000E+04
 1.000E+05 1.500E+05 2.000E+05 3.000E+05 5.000E+05 7.000E+05
 0.000E+00 0.000E+00 0.000E+00 0.000E+00 0.000E+00 0.000E+00
 1.230E-19 1.310E-19 1.440E-19 1.720E-19 1.940E-19 1.790E-19
 3.990E-19 9.400E-19 1.670E-18 2.840E-18 3.950E-18 3.980E-18
 3.500E-18 2.900E-18 2.450E-18 1.830E-18 1.250E-18 9.600E-19
 0.000E+00 0.000E+00 0.000E+00 0.000E+00 0.000E+00 0.000E+00
   18 1.000E+00 4.000E+00 1.000E+00 1.020E+01                    ISEL=   25
 1.000E+03 1.500E+03 2.000E+03 3.000E+03 5.000E+03 7.000E+03
 1.000E+04 1.500E+04 2.000E+04 3.000E+04 5.000E+04 7.000E+04
 1.000E+05 1.500E+05 2.000E+05 3.000E+05 5.000E+05 7.000E+05
 0.000E+00 0.000E+00 0.000E+00 0.000E+00 0.000E+00 0.000E+00
 7.700E-18 8.880E-18 9.550E-18 1.140E-17 1.650E-17 2.370E-17
 3.820E-17 7.040E-17 1.150E-16 2.050E-16 3.030E-16 3.300E-16
 3.300E-16 2.990E-16 2.680E-16 2.280E-16 1.820E-16 1.630E-16
 0.000E+00 0.000E+00 0.000E+00 0.000E+00 0.000E+00 0.000E+00
   18 1.000E+00 1.200E+01 1.000E+00 1.020E+01                    ISEL=   26
 1.000E+03 1.500E+03 2.000E+03 3.000E+03 5.000E+03 7.000E+03
 1.000E+04 1.500E+04 2.000E+04 3.000E+04 5.000E+04 7.000E+04
 1.000E+05 1.500E+05 2.000E+05 3.000E+05 5.000E+05 7.000E+05
 0.000E+00 0.000E+00 0.000E+00 0.000E+00 0.000E+00 0.000E+00
 2.360E-17 2.770E-17 2.990E-17 3.650E-17 5.470E-17 8.150E-17
 1.290E-16 2.270E-16 3.500E-16 6.400E-16 1.220E-15 1.670E-15
 2.060E-15 2.190E-15 2.010E-15 1.760E-15 1.410E-15 1.180E-15
 0.000E+00 0.000E+00 0.000E+00 0.000E+00 0.000E+00 0.000E+00
   18 1.000E+00 0.000E+00 1.000E+00 1.020E+01                    ISEL=   27
 1.000E+03 1.500E+03 2.000E+03 3.000E+03 5.000E+03 7.000E+03
 1.000E+04 1.500E+04 2.000E+04 3.000E+04 5.000E+04 7.000E+04
 1.000E+05 1.500E+05 2.000E+05 3.000E+05 5.000E+05 7.000E+05
 0.000E+00 0.000E+00 0.000E+00 0.000E+00 0.000E+00 0.000E+00
 3.800E-18 4.350E-18 4.650E-18 5.500E-18 7.750E-18 1.090E-17
 1.700E-17 3.000E-17 4.700E-17 7.900E-17 1.070E-16 1.100E-16
 1.040E-16 8.900E-17 7.700E-17 6.300E-17 4.850E-17 4.100E-17
 0.000E+00 0.000E+00 0.000E+00 0.000E+00 0.000E+00 0.000E+00
   21 1.000E+00 1.000E+00 1.000E+00 1.360E+01                    ISEL=   28
 1.000E+03 1.500E+03 2.000E+03 3.000E+03 5.000E+03 7.000E+03
 1.000E+04 1.500E+04 2.000E+04 3.000E+04 4.000E+04 5.000E+04
 6.000E+04 7.000E+04 8.000E+04 1.000E+05 1.500E+05 2.000E+05
 3.000E+05 5.000E+05 7.000E+05 0.000E+00 0.000E+00 0.000E+00
 2.220E-19 4.200E-19 7.150E-19 1.580E-18 4.750E-18 9.300E-18
 1.880E-17 4.050E-17 6.800E-17 1.160E-16 1.366E-16 1.400E-16
 1.365E-16 1.310E-16 1.252E-16 1.130E-16 8.600E-17 7.000E-17
 5.200E-17 3.450E-17 2.640E-17 0.000E+00 0.000E+00 0.000E+00
   21 1.000E+00 4.000E+00 1.000E+00 1.360E+01                    ISEL=   29
 1.000E+03 1.500E+03 2.000E+03 3.000E+03 5.000E+03 7.000E+03
 1.000E+04 1.500E+04 2.000E+04 3.000E+04 4.000E+04 5.000E+04
 6.000E+04 7.000E+04 8.000E+04 1.000E+05 1.500E+05 2.000E+05
 3.000E+05 5.000E+05 7.000E+05 0.000E+00 0.000E+00 0.000E+00
 1.000E-20 6.000E-20 1.000E-19 3.480E-19 1.900E-18 4.400E-18
 1.150E-17 3.500E-17 7.500E-17 2.100E-16 3.318E-16 4.000E-16
 4.279E-16 4.300E-16 4.175E-16 3.800E-16 3.050E-16 2.550E-16
 1.880E-16 1.280E-16 9.800E-17 0.000E+00 0.000E+00 0.000E+00
   18 1.000E+00 6.000E+00 1.000E+00 1.360E+01                    ISEL=   30
 1.000E+03 1.500E+03 2.000E+03 3.000E+03 5.000E+03 7.000E+03
 1.000E+04 1.500E+04 2.000E+04 3.000E+04 5.000E+04 7.000E+04
 1.000E+05 1.500E+05 2.000E+05 3.000E+05 5.000E+05 7.000E+05
 0.000E+00 0.000E+00 0.000E+00 0.000E+00 0.000E+00 0.000E+00
 1.000E-20 6.000E-20 1.000E-19 3.480E-19 1.900E-18 4.400E-18
 1.150E-17 3.500E-17 7.500E-17 2.100E-16 5.400E-16 7.500E-16
 7.500E-16 6.350E-16 5.400E-16 4.180E-16 2.840E-16 2.180E-16
 0.000E+00 0.000E+00 0.000E+00 0.000E+00 0.000E+00 0.000E+00
   21 1.000E+00 9.000E+00 1.000E+00 1.360E+01                    ISEL=   31
 1.000E+03 1.500E+03 2.000E+03 3.000E+03 5.000E+03 7.000E+03
 1.000E+04 1.500E+04 2.000E+04 3.000E+04 4.000E+04 5.000E+04
 6.000E+04 7.000E+04 8.000E+04 1.000E+05 1.500E+05 2.000E+05
 3.000E+05 5.000E+05 7.000E+05 0.000E+00 0.000E+00 0.000E+00
 1.000E-20 6.000E-20 1.000E-19 3.480E-19 1.900E-18 4.400E-18
 1.150E-17 3.500E-17 7.500E-17 2.100E-16 3.870E-16 5.700E-16
 7.353E-16 8.600E-16 9.357E-16 1.000E-15 1.000E-15 9.000E-16
 7.200E-16 5.000E-16 3.850E-16 0.000E+00 0.000E+00 0.000E+00
   21 1.000E+00 1.200E+01 1.000E+00 1.360E+01                    ISEL=   32
 1.000E+03 1.500E+03 2.000E+03 3.000E+03 5.000E+03 7.000E+03
 1.000E+04 1.500E+04 2.000E+04 3.000E+04 4.000E+04 5.000E+04
 6.000E+04 7.000E+04 8.000E+04 1.000E+05 1.500E+05 2.000E+05
 3.000E+05 5.000E+05 7.000E+05 0.000E+00 0.000E+00 0.000E+00
 1.000E-20 6.000E-20 1.000E-19 3.480E-19 1.900E-18 4.400E-18
 1.150E-17 3.500E-17 7.500E-17 2.100E-16 3.872E-16 5.700E-16
 7.399E-16 9.000E-16 1.055E-15 1.310E-15 1.550E-15 1.570E-15
 1.280E-15 9.450E-16 7.600E-16 0.000E+00 0.000E+00 0.000E+00
   21 1.000E+00 1.600E+01 1.000E+00 1.360E+01                    ISEL=   33
 1.000E+03 1.500E+03 2.000E+03 3.000E+03 5.000E+03 7.000E+03
 1.000E+04 1.500E+04 2.000E+04 3.000E+04 4.000E+04 5.000E+04
 6.000E+04 7.000E+04 8.000E+04 1.000E+05 1.500E+05 2.000E+05
 3.000E+05 5.000E+05 7.000E+05 0.000E+00 0.000E+00 0.000E+00
 1.000E-20 6.000E-20 1.000E-19 3.480E-19 1.900E-18 4.400E-18
 1.150E-17 3.500E-17 7.500E-17 2.100E-16 3.888E-16 5.700E-16
 7.334E-16 9.000E-16 1.091E-15 1.500E-15 2.210E-15 2.400E-15
 2.180E-15 1.650E-15 1.310E-15 0.000E+00 0.000E+00 0.000E+00
   18 1.000E+00 0.000E+00 1.000E+00 0.000E+00                    ISEL=   34
 1.000E+03 1.500E+03 2.000E+03 3.000E+03 5.000E+03 7.000E+03
 1.000E+04 1.500E+04 2.000E+04 3.000E+04 5.000E+04 7.000E+04
 1.000E+05 1.500E+05 2.000E+05 3.000E+05 5.000E+05 7.000E+05
 0.000E+00 0.000E+00 0.000E+00 0.000E+00 0.000E+00 0.000E+00
 2.500E-23 1.250E-21 3.250E-21 1.625E-20 1.275E-19 5.375E-19
 2.550E-18 1.650E-17 3.750E-17 8.500E-17 1.375E-16 1.438E-16
 1.225E-16 8.750E-17 6.625E-17 4.800E-17 2.950E-17 1.850E-17
 0.000E+00 0.000E+00 0.000E+00 0.000E+00 0.000E+00 0.000E+00
   18 1.000E+00 1.000E+00 4.500E+00 0.000E+00                    ISEL=   35
 1.000E+03 1.500E+03 2.000E+03 3.000E+03 5.000E+03 7.000E+03
 1.000E+04 1.500E+04 2.000E+04 3.000E+04 5.000E+04 7.000E+04
 1.000E+05 1.500E+05 2.000E+05 3.000E+05 5.000E+05 7.000E+05
 0.000E+00 0.000E+00 0.000E+00 0.000E+00 0.000E+00 0.000E+00
 4.700E-16 4.750E-16 4.750E-16 4.750E-16 4.680E-16 4.500E-16
 4.250E-16 3.780E-16 3.350E-16 2.150E-16 7.200E-17 3.000E-17
 1.000E-17 2.250E-18 7.200E-19 1.150E-19 8.000E-21 1.050E-21
 0.000E+00 0.000E+00 0.000E+00 0.000E+00 0.000E+00 0.000E+00
   18 1.000E+00 1.200E+01 4.500E+00 0.000E+00                    ISEL=   36
 1.000E+03 1.500E+03 2.000E+03 3.000E+03 5.000E+03 7.000E+03
 1.000E+04 1.500E+04 2.000E+04 3.000E+04 5.000E+04 7.000E+04
 1.000E+05 1.500E+05 2.000E+05 3.000E+05 5.000E+05 7.000E+05
 0.000E+00 0.000E+00 0.000E+00 0.000E+00 0.000E+00 0.000E+00
 2.520E-15 2.520E-15 2.520E-15 2.520E-15 2.540E-15 2.550E-15
 2.570E-15 2.550E-15 2.520E-15 2.440E-15 2.210E-15 1.870E-15
 1.320E-15 4.900E-16 1.450E-16 3.200E-17 4.300E-18 9.900E-19
 0.000E+00 0.000E+00 0.000E+00 0.000E+00 0.000E+00 0.000E+00
   18 1.000E+00 0.000E+00 4.500E+00 0.000E+00                    ISEL=   37
 1.000E+03 1.500E+03 2.000E+03 3.000E+03 5.000E+03 7.000E+03
 1.000E+04 1.500E+04 2.000E+04 3.000E+04 5.000E+04 7.000E+04
 1.000E+05 1.500E+05 2.000E+05 3.000E+05 5.000E+05 7.000E+05
 0.000E+00 0.000E+00 0.000E+00 0.000E+00 0.000E+00 0.000E+00
 4.050E-16 4.050E-16 4.050E-16 4.050E-16 4.000E-16 4.000E-16
 3.970E-16 3.800E-16 3.570E-16 2.950E-16 9.500E-17 3.150E-17
 9.200E-18 2.050E-18 7.200E-19 1.150E-19 8.000E-21 1.050E-21
 0.000E+00 0.000E+00 0.000E+00 0.000E+00 0.000E+00 0.000E+00
   24 1.000E+00 9.000E+00 4.340E+00 1.000E+00                    ISEL=   38
 2.480E+02 4.190E+02 6.350E+02 9.920E+02 1.550E+03 2.230E+03
 3.040E+03 3.970E+03 6.200E+03 1.000E+04 1.500E+04 2.000E+04
 3.000E+04 4.000E+04 5.000E+04 6.000E+04 7.000E+04 8.000E+04
 1.000E+05 1.500E+05 2.000E+05 3.000E+05 5.000E+05 1.000E+06
 2.500E-15 2.970E-15 3.250E-15 3.480E-15 3.600E-15 3.620E-15
 3.570E-15 3.500E-15 3.350E-15 2.996E-15 2.601E-15 2.361E-15
 1.908E-15 1.511E-15 1.219E-15 9.447E-16 6.873E-16 5.068E-16
 3.060E-16 9.713E-17 3.500E-17 6.350E-18 6.900E-19 3.410E-20
   24 1.000E+00 4.000E+00 4.980E+00 0.000E+00                    ISEL=   39
 5.000E+02 7.000E+02 1.000E+03 1.500E+03 2.000E+03 3.000E+03
 4.000E+03 5.000E+03 7.000E+03 1.000E+04 1.500E+04 2.000E+04
 3.000E+04 4.000E+04 5.000E+04 7.000E+04 1.000E+05 1.500E+05
 2.000E+05 3.000E+05 4.000E+05 5.000E+05 7.000E+05 1.000E+06
 7.750E-17 1.320E-16 2.430E-16 4.200E-16 6.000E-16 8.500E-16
 1.020E-15 1.150E-15 1.280E-15 1.340E-15 1.250E-15 1.130E-15
 8.250E-16 5.150E-16 3.000E-16 1.340E-16 5.100E-17 1.360E-17
 4.750E-18 9.350E-19 2.500E-19 8.300E-20 1.750E-20 2.900E-21
   22 1.000E+00 4.000E+00 1.000E+00 1.020E+01                    ISEL=   40
 1.000E+03 1.500E+03 2.000E+03 3.000E+03 5.000E+03 7.000E+03
 1.000E+04 1.500E+04 2.000E+04 3.000E+04 4.000E+04 5.000E+04
 6.000E+04 7.000E+04 8.000E+04 1.000E+05 1.500E+05 2.000E+05
 3.000E+05 5.000E+05 7.000E+05 1.000E+06 0.000E+00 0.000E+00
 1.590E-18 4.700E-18 9.000E-18 1.430E-17 1.920E-17 2.210E-17
 2.590E-17 3.400E-17 5.000E-17 9.350E-17 1.220E-16 1.410E-16
 1.570E-16 1.720E-16 1.870E-16 2.020E-16 2.090E-16 1.950E-16
 1.630E-16 1.240E-16 9.900E-17 7.700E-17 0.000E+00 0.000E+00
   22 1.000E+00 4.000E+00 1.000E+00 1.209E+01                    ISEL=   41
 1.000E+03 1.500E+03 2.000E+03 3.000E+03 5.000E+03 7.000E+03
 1.000E+04 1.500E+04 2.000E+04 3.000E+04 4.000E+04 5.000E+04
 6.000E+04 7.000E+04 8.000E+04 1.000E+05 1.500E+05 2.000E+05
 3.000E+05 5.000E+05 7.000E+05 1.000E+06 0.000E+00 0.000E+00
 3.350E-19 9.900E-19 1.860E-18 3.000E-18 3.940E-18 4.550E-18
 5.350E-18 7.000E-18 9.100E-18 1.410E-17 1.920E-17 2.390E-17
 2.800E-17 3.190E-17 3.530E-17 4.100E-17 4.200E-17 3.980E-17
 3.330E-17 2.280E-17 1.750E-17 1.350E-17 0.000E+00 0.000E+00
   22 1.000E+00 4.000E+00 1.000E+00 1.275E+01                    ISEL=   42
 1.000E+03 1.500E+03 2.000E+03 3.000E+03 5.000E+03 7.000E+03
 1.000E+04 1.500E+04 2.000E+04 3.000E+04 4.000E+04 5.000E+04
 6.000E+04 7.000E+04 8.000E+04 1.000E+05 1.500E+05 2.000E+05
 3.000E+05 5.000E+05 7.000E+05 1.000E+06 0.000E+00 0.000E+00
 1.230E-19 3.680E-19 7.000E-19 1.130E-18 1.500E-18 1.710E-18
 1.980E-18 2.570E-18 3.100E-18 4.800E-18 7.050E-18 8.950E-18
 1.060E-17 1.210E-17 1.340E-17 1.500E-17 1.540E-17 1.460E-17
 1.230E-17 9.100E-18 7.000E-18 5.200E-18 0.000E+00 0.000E+00
   22 1.000E+00 9.000E+00 1.000E+00 1.020E+01                    ISEL=   43
 1.000E+03 1.500E+03 2.000E+03 3.000E+03 5.000E+03 7.000E+03
 1.000E+04 1.500E+04 2.000E+04 3.000E+04 4.000E+04 5.000E+04
 6.000E+04 7.000E+04 8.000E+04 1.000E+05 1.500E+05 2.000E+05
 3.000E+05 5.000E+05 7.000E+05 1.000E+06 0.000E+00 0.000E+00
 5.000E-19 1.520E-18 3.350E-18 1.030E-17 3.180E-17 4.450E-17
 5.600E-17 6.610E-17 7.500E-17 9.500E-17 1.250E-16 1.710E-16
 2.250E-16 2.750E-16 3.200E-16 3.900E-16 4.700E-16 4.900E-16
 4.710E-16 4.000E-16 3.350E-16 2.700E-16 0.000E+00 0.000E+00
   22 1.000E+00 9.000E+00 1.000E+00 1.209E+01                    ISEL=   44
 1.000E+03 1.500E+03 2.000E+03 3.000E+03 5.000E+03 7.000E+03
 1.000E+04 1.500E+04 2.000E+04 3.000E+04 4.000E+04 5.000E+04
 6.000E+04 7.000E+04 8.000E+04 1.000E+05 1.500E+05 2.000E+05
 3.000E+05 5.000E+05 7.000E+05 1.000E+06 0.000E+00 0.000E+00
 9.000E-20 2.900E-19 7.100E-19 2.200E-18 6.700E-18 9.500E-18
 1.180E-17 1.400E-17 1.600E-17 2.000E-17 2.520E-17 3.080E-17
 3.750E-17 4.550E-17 5.500E-17 7.400E-17 9.300E-17 9.600E-17
 9.400E-17 7.900E-17 6.500E-17 5.200E-17 0.000E+00 0.000E+00
   22 1.000E+00 9.000E+00 1.000E+00 1.275E+00                    ISEL=   45
 1.000E+03 1.500E+03 2.000E+03 3.000E+03 5.000E+03 7.000E+03
 1.000E+04 1.500E+04 2.000E+04 3.000E+04 4.000E+04 5.000E+04
 6.000E+04 7.000E+04 8.000E+04 1.000E+05 1.500E+05 2.000E+05
 3.000E+05 5.000E+05 7.000E+05 1.000E+06 0.000E+00 0.000E+00
 2.000E-20 9.500E-20 2.350E-19 8.200E-19 2.500E-18 3.650E-18
 4.550E-18 5.400E-18 6.000E-18 7.300E-18 8.700E-18 1.050E-17
 1.300E-17 1.650E-17 2.050E-17 2.760E-17 3.620E-17 3.800E-17
 3.650E-17 2.950E-17 2.420E-17 1.920E-17 0.000E+00 0.000E+00
   22 1.000E+00 1.200E+01 1.000E+00 1.020E+01                    ISEL=   46
 1.000E+03 1.500E+03 2.000E+03 3.000E+03 5.000E+03 7.000E+03
 1.000E+04 1.500E+04 2.000E+04 3.000E+04 4.000E+04 5.000E+04
 6.000E+04 7.000E+04 8.000E+04 1.000E+05 1.500E+05 2.000E+05
 3.000E+05 5.000E+05 7.000E+05 1.000E+06 0.000E+00 0.000E+00
 8.000E-19 2.400E-18 5.300E-18 1.600E-17 6.100E-17 1.040E-16
 1.400E-16 1.780E-16 2.060E-16 2.550E-16 3.000E-16 3.420E-16
 3.780E-16 4.200E-16 4.550E-16 5.250E-16 6.550E-16 7.100E-16
 7.000E-16 6.600E-16 6.150E-16 5.300E-16 0.000E+00 0.000E+00
   22 1.000E+00 1.200E+01 1.000E+00 1.209E+01                    ISEL=   47
 1.000E+03 1.500E+03 2.000E+03 3.000E+03 5.000E+03 7.000E+03
 1.000E+04 1.500E+04 2.000E+04 3.000E+04 4.000E+04 5.000E+04
 6.000E+04 7.000E+04 8.000E+04 1.000E+05 1.500E+05 2.000E+05
 3.000E+05 5.000E+05 7.000E+05 1.000E+06 0.000E+00 0.000E+00
 1.400E-19 4.000E-19 8.600E-19 2.550E-18 8.950E-18 1.480E-17
 2.050E-17 2.580E-17 3.000E-17 3.750E-17 4.450E-17 5.300E-17
 6.350E-17 7.500E-17 8.900E-17 1.180E-16 1.650E-16 1.800E-16
 1.650E-16 1.350E-16 1.190E-16 1.010E-16 0.000E+00 0.000E+00
   22 1.000E+00 1.200E+01 1.000E+00 1.275E+01                    ISEL=   48
 1.000E+03 1.500E+03 2.000E+03 3.000E+03 5.000E+03 7.000E+03
 1.000E+04 1.500E+04 2.000E+04 3.000E+04 4.000E+04 5.000E+04
 6.000E+04 7.000E+04 8.000E+04 1.000E+05 1.500E+05 2.000E+05
 3.000E+05 5.000E+05 7.000E+05 1.000E+06 0.000E+00 0.000E+00
 3.000E-20 1.040E-19 2.450E-19 8.200E-19 3.150E-18 5.000E-18
 6.800E-18 8.550E-18 9.800E-18 1.220E-17 1.420E-17 1.660E-17
 2.000E-17 2.480E-17 3.150E-17 4.550E-17 6.800E-17 7.550E-17
 7.000E-17 5.500E-17 4.650E-17 3.950E-17 0.000E+00 0.000E+00
   22 1.000E+00 1.600E+01 1.000E+00 1.020E+01                    ISEL=   49
 1.000E+03 1.500E+03 2.000E+03 3.000E+03 5.000E+03 7.000E+03
 1.000E+04 1.500E+04 2.000E+04 3.000E+04 4.000E+04 5.000E+04
 6.000E+04 7.000E+04 8.000E+04 1.000E+05 1.500E+05 2.000E+05
 3.000E+05 5.000E+05 7.000E+05 1.000E+06 0.000E+00 0.000E+00
 3.950E-19 1.200E-18 2.680E-18 8.400E-18 3.400E-17 8.300E-17
 1.430E-16 1.960E-16 2.300E-16 2.850E-16 3.350E-16 3.800E-16
 4.220E-16 4.580E-16 4.920E-16 5.550E-16 6.700E-16 7.600E-16
 8.700E-16 9.200E-16 8.900E-16 8.100E-16 0.000E+00 0.000E+00
   22 1.000E+00 1.600E+01 1.000E+00 1.209E+01                    ISEL=   50
 1.000E+03 1.500E+03 2.000E+03 3.000E+03 5.000E+03 7.000E+03
 1.000E+04 1.500E+04 2.000E+04 3.000E+04 4.000E+04 5.000E+04
 6.000E+04 7.000E+04 8.000E+04 1.000E+05 1.500E+05 2.000E+05
 3.000E+05 5.000E+05 7.000E+05 1.000E+06 0.000E+00 0.000E+00
 6.000E-20 1.750E-19 3.900E-19 1.220E-18 5.000E-18 1.200E-17
 2.120E-17 2.900E-17 3.380E-17 4.180E-17 4.820E-17 5.400E-17
 5.900E-17 6.380E-17 6.950E-17 8.450E-17 1.450E-16 1.900E-16
 2.180E-16 2.110E-16 1.910E-16 1.660E-16 0.000E+00 0.000E+00
   22 1.000E+00 1.600E+01 1.000E+00 1.275E+01                    ISEL=   51
 1.000E+03 1.500E+03 2.000E+03 3.000E+03 5.000E+03 7.000E+03
 1.000E+04 1.500E+04 2.000E+04 3.000E+04 4.000E+04 5.000E+04
 6.000E+04 7.000E+04 8.000E+04 1.000E+05 1.500E+05 2.000E+05
 3.000E+05 5.000E+05 7.000E+05 1.000E+06 0.000E+00 0.000E+00
 1.500E-20 7.000E-20 1.230E-19 3.950E-19 1.700E-18 4.100E-18
 7.100E-18 9.750E-18 1.130E-17 1.400E-17 1.610E-17 1.780E-17
 1.950E-17 2.150E-17 2.440E-17 3.250E-17 6.250E-17 8.100E-17
 9.200E-17 8.750E-17 7.500E-17 6.050E-17 0.000E+00 0.000E+00
   22 1.000E+00 4.000E+00 1.000E+00 1.020E+01                    ISEL=   52
 5.000E+02 7.500E+02 1.000E+03 1.500E+03 2.500E+03 3.500E+03
 5.000E+03 7.500E+03 1.000E+04 1.500E+04 2.000E+04 2.500E+04
 3.000E+04 3.500E+04 4.000E+04 5.000E+04 7.500E+04 1.000E+05
 1.500E+05 2.500E+05 3.500E+05 5.000E+05 0.000E+00 0.000E+00
 7.950E-19 2.350E-18 4.500E-18 7.150E-18 9.600E-18 1.110E-17
 1.300E-17 1.700E-17 2.500E-17 4.680E-17 6.100E-17 7.050E-17
 7.850E-17 8.600E-17 9.350E-17 1.010E-16 1.050E-16 9.750E-17
 8.150E-17 6.200E-17 4.950E-17 3.850E-17 0.000E+00 0.000E+00
   22 1.000E+00 4.000E+00 1.000E+00 1.209E+01                    ISEL=   53
 5.000E+02 7.500E+02 1.000E+03 1.500E+03 2.500E+03 3.500E+03
 5.000E+03 7.500E+03 1.000E+04 1.500E+04 2.000E+04 2.500E+04
 3.000E+04 3.500E+04 4.000E+04 5.000E+04 7.500E+04 1.000E+05
 1.500E+05 2.500E+05 3.500E+05 5.000E+05 0.000E+00 0.000E+00
 1.680E-19 4.950E-19 9.300E-19 1.500E-18 1.970E-18 2.280E-18
 2.680E-18 3.500E-18 4.550E-18 7.050E-18 9.600E-18 1.200E-17
 1.400E-17 1.600E-17 1.770E-17 2.050E-17 2.100E-17 1.990E-17
 1.670E-17 1.140E-17 8.750E-18 6.750E-18 0.000E+00 0.000E+00
   22 1.000E+00 4.000E+00 1.000E+00 1.275E+01                    ISEL=   54
 5.000E+02 7.500E+02 1.000E+03 1.500E+03 2.500E+03 3.500E+03
 5.000E+03 7.500E+03 1.000E+04 1.500E+04 2.000E+04 2.500E+04
 3.000E+04 3.500E+04 4.000E+04 5.000E+04 7.500E+04 1.000E+05
 1.500E+05 2.500E+05 3.500E+05 5.000E+05 0.000E+00 0.000E+00
 6.150E-20 1.840E-19 3.500E-19 5.650E-19 7.500E-19 8.550E-19
 9.900E-19 1.290E-18 1.550E-18 2.400E-18 3.530E-18 4.480E-18
 5.300E-18 6.050E-18 6.700E-18 7.500E-18 7.700E-18 7.300E-18
 6.150E-18 4.550E-18 3.500E-18 2.600E-18 0.000E+00 0.000E+00
   22 1.000E+00 4.000E+00 1.000E+00 1.020E+01                    ISEL=   55
 1.000E+03 1.500E+03 2.000E+03 3.000E+03 5.000E+03 7.000E+03
 1.000E+04 1.500E+04 2.000E+04 3.000E+04 4.000E+04 5.000E+04
 6.000E+04 7.000E+04 8.000E+04 1.000E+05 1.500E+05 2.000E+05
 3.000E+05 5.000E+05 7.000E+05 1.000E+06 0.000E+00 0.000E+00
 3.000E-18 6.500E-18 1.000E-17 9.200E-18 2.900E-17 4.050E-17
 3.250E-17 3.300E-17 5.000E-17 1.020E-16 1.600E-16 2.000E-16
 1.950E-16 1.720E-16 1.720E-16 1.850E-16 2.150E-16 2.050E-16
 1.750E-16 1.300E-16 1.000E-16 7.700E-17 0.000E+00 0.000E+00
   22 1.000E+00 4.000E+00 1.000E+00 1.209E+01                    ISEL=   56
 1.000E+03 1.500E+03 2.000E+03 3.000E+03 5.000E+03 7.000E+03
 1.000E+04 1.500E+04 2.000E+04 3.000E+04 4.000E+04 5.000E+04
 6.000E+04 7.000E+04 8.000E+04 1.000E+05 1.500E+05 2.000E+05
 3.000E+05 5.000E+05 7.000E+05 1.000E+06 0.000E+00 0.000E+00
 3.100E-19 5.900E-19 1.700E-18 3.050E-18 8.800E-18 1.370E-17
 8.300E-18 9.400E-18 1.160E-17 2.800E-17 4.800E-17 5.800E-17
 6.400E-17 5.900E-17 4.900E-17 4.100E-17 4.250E-17 4.150E-17
 3.300E-17 2.300E-17 1.750E-17 1.350E-17 0.000E+00 0.000E+00
   22 1.000E+00 9.000E+00 1.000E+00 1.020E+01                    ISEL=   57
 1.000E+03 1.500E+03 2.000E+03 3.000E+03 5.000E+03 7.000E+03
 1.000E+04 1.500E+04 2.000E+04 3.000E+04 4.000E+04 5.000E+04
 6.000E+04 7.000E+04 8.000E+04 1.000E+05 1.500E+05 2.000E+05
 3.000E+05 5.000E+05 7.000E+05 1.000E+06 0.000E+00 0.000E+00
 7.200E-20 2.200E-19 4.900E-19 1.500E-18 6.400E-18 1.300E-17
 1.800E-17 2.250E-17 3.400E-17 1.040E-16 1.700E-16 2.300E-16
 2.800E-16 3.130E-16 3.450E-16 3.900E-16 4.700E-16 4.900E-16
 4.700E-16 4.000E-16 3.330E-16 2.700E-16 0.000E+00 0.000E+00
   22 1.000E+00 9.000E+00 1.000E+00 1.209E+01                    ISEL=   58
 1.000E+03 1.500E+03 2.000E+03 3.000E+03 5.000E+03 7.000E+03
 1.000E+04 1.500E+04 2.000E+04 3.000E+04 4.000E+04 5.000E+04
 6.000E+04 7.000E+04 8.000E+04 1.000E+05 1.500E+05 2.000E+05
 3.000E+05 5.000E+05 7.000E+05 1.000E+06 0.000E+00 0.000E+00
 1.200E-20 4.700E-20 1.200E-19 4.700E-19 2.800E-18 6.700E-18
 7.100E-18 5.300E-18 9.500E-18 3.400E-17 5.900E-17 8.000E-17
 9.500E-17 1.050E-16 1.140E-16 1.250E-16 1.360E-16 1.350E-16
 1.220E-16 9.800E-17 8.000E-17 6.300E-17 0.000E+00 0.000E+00
   22 1.000E+00 9.000E+00 1.000E+00 1.020E+01                    ISEL=   59
 2.500E+02 3.750E+02 5.000E+02 7.500E+02 1.250E+03 1.750E+03
 2.500E+03 3.750E+03 5.000E+03 7.500E+03 1.000E+04 1.250E+04
 1.500E+04 1.750E+04 2.000E+04 2.500E+04 3.750E+04 5.000E+04
 7.500E+04 1.250E+05 1.750E+05 2.500E+05 0.000E+00 0.000E+00
 1.800E-20 5.500E-20 1.225E-19 3.750E-19 1.600E-18 3.250E-18
 4.500E-18 5.625E-18 8.500E-18 2.600E-17 4.250E-17 5.750E-17
 7.000E-17 7.825E-17 8.625E-17 9.750E-17 1.175E-16 1.225E-16
 1.175E-16 1.000E-16 8.325E-17 6.750E-17 0.000E+00 0.000E+00
   22 1.000E+00 9.000E+00 1.000E+00 1.209E+01                    ISEL=   60
 2.500E+02 3.750E+02 5.000E+02 7.500E+02 1.250E+03 1.750E+03
 2.500E+03 3.750E+03 5.000E+03 7.500E+03 1.000E+04 1.250E+04
 1.500E+04 1.750E+04 2.000E+04 2.500E+04 3.750E+04 5.000E+04
 7.500E+04 1.250E+05 1.750E+05 2.500E+05 0.000E+00 0.000E+00
 3.000E-21 1.175E-20 3.000E-20 1.175E-19 7.000E-19 1.675E-18
 1.775E-18 1.325E-18 2.375E-18 8.500E-18 1.475E-17 2.000E-17
 2.375E-17 2.625E-17 2.850E-17 3.125E-17 3.400E-17 3.375E-17
 3.050E-17 2.450E-17 2.000E-17 1.575E-17 0.000E+00 0.000E+00
   22 1.000E+00 9.000E+00 1.000E+00 1.209E+01                    ISEL=   61
 2.500E+02 3.750E+02 5.000E+02 7.500E+02 1.250E+03 1.750E+03
 2.500E+03 3.750E+03 5.000E+03 7.500E+03 1.000E+04 1.250E+04
 1.500E+04 1.750E+04 2.000E+04 2.500E+04 3.750E+04 5.000E+04
 7.500E+04 1.250E+05 1.750E+05 2.500E+05 0.000E+00 0.000E+00
 2.700E-20 1.058E-19 2.700E-19 1.058E-18 6.300E-18 1.508E-17
 1.598E-17 1.193E-17 2.138E-17 7.650E-17 1.328E-16 1.800E-16
 2.138E-16 2.363E-16 2.565E-16 2.813E-16 3.060E-16 3.038E-16
 2.745E-16 2.205E-16 1.800E-16 1.418E-16 0.000E+00 0.000E+00
   18 1.000E+00 4.000E+00 1.000E+00 1.360E+01                    ISEL=   62
 1.000E+03 1.500E+03 2.000E+03 3.000E+03 5.000E+03 7.000E+03
 1.000E+04 1.500E+04 2.000E+04 3.000E+04 5.000E+04 7.000E+04
 1.000E+05 1.500E+05 2.000E+05 3.000E+05 5.000E+05 7.000E+05
 0.000E+00 0.000E+00 0.000E+00 0.000E+00 0.000E+00 0.000E+00
 2.430E-16 4.201E-16 6.001E-16 8.503E-16 1.152E-15 1.284E-15
 1.352E-15 1.285E-15 1.205E-15 1.035E-15 7.000E-16 5.640E-16
 4.310E-16 3.186E-16 2.598E-16 1.889E-16 1.281E-16 9.802E-17
 0.000E+00 0.000E+00 0.000E+00 0.000E+00 0.000E+00 0.000E+00
   21 1.000E+00 1.100E+01 1.000E+00 1.360E+01                    ISEL=   63
 1.000E+03 1.500E+03 2.000E+03 3.000E+03 5.000E+03 7.000E+03
 1.000E+04 1.500E+04 2.000E+04 3.000E+04 4.000E+04 5.000E+04
 6.000E+04 7.000E+04 8.000E+04 1.000E+05 1.500E+05 2.000E+05
 3.000E+05 5.000E+05 7.000E+05 0.000E+00 0.000E+00 0.000E+00
 1.000E-20 6.000E-20 1.000E-19 3.480E-19 1.900E-18 4.400E-18
 1.150E-17 3.500E-17 7.500E-17 2.100E-16 3.850E-16 5.700E-16
 7.400E-16 9.050E-16 1.050E-15 1.200E-15 1.320E-15 1.230E-15
 9.950E-16 7.200E-16 5.700E-16 0.000E+00 0.000E+00 0.000E+00
   21 1.000E+00 1.400E+01 1.000E+00 1.360E+01                    ISEL=   64
 1.000E+03 1.500E+03 2.000E+03 3.000E+03 5.000E+03 7.000E+03
 1.000E+04 1.500E+04 2.000E+04 3.000E+04 4.000E+04 5.000E+04
 6.000E+04 7.000E+04 8.000E+04 1.000E+05 1.500E+05 2.000E+05
 3.000E+05 5.000E+05 7.000E+05 0.000E+00 0.000E+00 0.000E+00
 1.000E-20 6.000E-20 1.000E-19 3.480E-19 1.900E-18 4.400E-18
 1.150E-17 3.500E-17 7.500E-17 2.100E-16 3.850E-16 5.700E-16
 7.400E-16 9.050E-16 1.120E-15 1.500E-15 1.910E-15 2.000E-15
 1.770E-15 1.320E-15 1.040E-15 0.000E+00 0.000E+00 0.000E+00
   21 1.000E+00 2.000E+01 1.000E+00 1.360E+01                    ISEL=   65
 1.000E+03 1.500E+03 2.000E+03 3.000E+03 5.000E+03 7.000E+03
 1.000E+04 1.500E+04 2.000E+04 3.000E+04 4.000E+04 5.000E+04
 6.000E+04 7.000E+04 8.000E+04 1.000E+05 1.500E+05 2.000E+05
 3.000E+05 5.000E+05 7.000E+05 0.000E+00 0.000E+00 0.000E+00
 1.000E-20 6.000E-20 1.000E-19 3.480E-19 1.900E-18 4.400E-18
 1.150E-17 3.500E-17 7.500E-17 2.100E-16 3.850E-16 5.700E-16
 7.400E-16 9.050E-16 1.120E-15 1.500E-15 2.250E-15 2.710E-15
 2.860E-15 2.550E-15 2.030E-15 0.000E+00 0.000E+00 0.000E+00
   21 1.000E+00 1.100E+01 4.400E+00 0.000E+00                    ISEL=   66
 1.000E+03 1.500E+03 2.000E+03 3.000E+03 5.000E+03 7.000E+03
 1.000E+04 1.500E+04 2.000E+04 3.000E+04 4.000E+04 5.000E+04
 6.000E+04 7.000E+04 8.000E+04 1.000E+05 1.500E+05 2.000E+05
 3.000E+05 5.000E+05 1.000E+06 0.000E+00 0.000E+00 0.000E+00
 3.950E-15 4.100E-15 4.300E-15 4.300E-15 4.200E-15 4.100E-15
 3.850E-15 3.400E-15 3.100E-15 2.500E-15 1.950E-15 1.600E-15
 1.300E-15 1.000E-15 8.000E-16 4.850E-16 1.500E-16 6.250E-17
 1.080E-17 1.140E-18 5.400E-20 0.000E+00 0.000E+00 0.000E+00
   21 1.000E+00 1.400E+01 4.570E+00 0.000E+00                    ISEL=   67
 1.000E+03 1.500E+03 2.000E+03 3.000E+03 5.000E+03 7.000E+03
 1.000E+04 1.500E+04 2.000E+04 3.000E+04 4.000E+04 5.000E+04
 6.000E+04 7.000E+04 8.000E+04 1.000E+05 1.500E+05 2.000E+05
 3.000E+05 5.000E+05 1.000E+06 0.000E+00 0.000E+00 0.000E+00
 4.800E-15 5.450E-15 5.800E-15 5.900E-15 5.700E-15 5.500E-15
 5.200E-15 4.650E-15 4.200E-15 3.550E-15 3.000E-15 2.500E-15
 2.150E-15 1.720E-15 1.400E-15 8.500E-16 3.100E-16 1.300E-16
 3.150E-17 3.050E-18 1.280E-19 0.000E+00 0.000E+00 0.000E+00
   21 1.000E+00 2.000E+01 4.560E+00 0.000E+00                    ISEL=   68
 1.000E+03 1.500E+03 2.000E+03 3.000E+03 5.000E+03 7.000E+03
 1.000E+04 1.500E+04 2.000E+04 3.000E+04 4.000E+04 5.000E+04
 6.000E+04 7.000E+04 8.000E+04 1.000E+05 1.500E+05 2.000E+05
 3.000E+05 5.000E+05 1.000E+06 0.000E+00 0.000E+00 0.000E+00
 7.800E-15 8.300E-15 8.500E-15 8.700E-15 8.500E-15 8.000E-15
 7.500E-15 6.700E-15 6.100E-15 5.300E-15 4.650E-15 4.100E-15
 3.500E-15 3.000E-15 2.550E-15 1.750E-15 6.300E-16 2.850E-16
 7.600E-17 7.400E-18 3.140E-19 0.000E+00 0.000E+00 0.000E+00
C-----------------------------------------------------------------------
C         ISEL   TRANS&TYPE    M1  M2    ALF   METHOD & REFERENCE
C         ----   ----------    --  --   ----   ------------------
C           1    H HE+2  CX     1   4   4.51   NUTT+SHAH+ANDERSON EXP.
C           2    H H+    CX     1   1   4.65  *GREEN. + MCCLURE EXPER.
C
C           3    H H+    CX     1   1   4.64   GREENLANE+UDWA+EICHLER
C           4    H HE+2  CX     1   4   4.51   GREENLANE+UDWA+EICHLER
C           5    H C+6   CX     1  12   4.25  *GREENLANE+UDWA
C           6    H O+8   CX     1  16   4.80  *GREENLANE+UDWA+EICHLER
C
C           7    H H+    CX     1   1   4.64   UDWA
C           8    H HE+2  CX     1   4   3.53   UDWA
C           9    H C+6   CX     1  12   4.25   UDWA
C          10    H O+8   CX     1  16   4.80   UDWA
C
C          11    E H     ION  ME MH 1   1.0   *BELL ET AL (1982) RECOMM.
C
C          12    H H+    ION    1   1   1.0    FITE+GILBODY(1981)
C
C          13    H HE+2  ION    1   4   1.0    JANEV & PRESNYAKOV (1980)
C          14    H C+6   ION    1  12   1.0    JANEV & PRESNYAKOV (1980)
C          15    H O+8   ION    1  16   1.0    JANEV & PRESNYAKOV (1980)
C
C          16    H C+6   ION    1  12   1.0    UDWA (1982)
C          17    H O+8   ION    1  16   1.0    UDWA (1982)
C
C          18    H HE+2  ION    1   4   1.0    J & P + SHAH & GILBODY
C          19    H C+6   ION    1  12   1.0    J & P + UDWA COMPOSITE
C          20    H O+8   ION    1  16   1.0    J & P + UDWA COMPOSITE
C
C          21    H H+    EXC    1   1   1.0   *HPS (1989) COMPOSITE
C          22    H H+    EXC    1   1   1.0   *HPS (1989) COMPOSITE
C          23    H H+    EXC    1   1   1.0   *HPS (1989) COMPOSITE
C          24    H H+    EXC    1   1   1.0   *HPS (1989) COMPOSITE
C
C          25    H HE+2  EXC    1   4   1.0   *HPS (1989) COMPOSITE
C          26    H C+6   EXC    1  12   1.0   *HPS (1989) COMPOSITE
C          27    H X+Z0  EXC    1   -   1.0   *HPS (1989) COMPOSITE
C
C          28    H H+    ION    1   1   1.0   *HPS (1989) COMPOSITE
C          29    H HE+2  ION    1   4   1.0   *HPS (1989) COMPOSITE
C          30    H LI+3  ION    1   6   1.0   *HPS (1989) COMPOSITE
C          31    H BE+4  ION    1   9   1.0   *HPS (1989) COMPOSITE
C          32    H C+6   ION    1  12   1.0   *HPS (1989) COMPOSITE
C          33    H O+8   ION    1  16   1.0   *HPS (1989) COMPOSITE
C
C          34    H* X+Z0 ION    1   -   1.0   *HPS (1989) COMPOSITE
C
C          35    H* H+   CX     1   -   1.0   *HPS (1989) COMPOSITE
C          36    H* C+6  CX     1   -   1.0   *HPS (1989) COMPOSITE
C
C          37    H* X+Z0 CX     1   -   1.0   *OLSON ZINOVIEV (1989)
C
C          38    H BE+4  CX     1   9   4.51  *GREENLANE+UDWA
C
C          39    H HE+2  CX     1   4   4.98  *FRIELING (1989)
C
C          40    H HE+2  EXC    1   4   1.0    HPS (1990) COMP. REVIS.
C          41    H HE+2  EXC    1   4   1.0    HPS (1990) COMP. REVIS.
C          42    H HE+2  EXC    1   4   1.0    HPS (1990) COMP. REVIS.
C
C          43    H BE+4  EXC    1   9   1.0    HPS (1990) COMP. REVIS
C          44    H BE+4  EXC    1   9   1.0    HPS (1990) COMP. REVIS.
C          45    H BE+4  EXC    1   9   1.0    HPS (1990) COMP. REVIS.
C
C          46    H C +6  EXC    1  12   1.0    HPS (1990) COMP. REVIS.
C          47    H C +6  EXC    1  12   1.0    HPS (1990) COMP. REVIS.
C          48    H C +6  EXC    1  12   1.0    HPS (1990) COMP. REVIS.
C
C          49    H O +8  EXC    1  16   1.0    HPS (1990) COMP. REVIS.
C          50    H O +8  EXC    1  16   1.0    HPS (1990) COMP. REVIS.
C          51    H O +8  EXC    1  16   1.0    HPS (1990) COMP. REVIS.
C
C          52    H X+Z0  EXC    1   -   1.0    HPS (1990) COMP. REVIS.
C          53    H X+Z0  EXC    1   -   1.0    HPS (1990) COMP. REVIS.
C          54    H X+Z0  EXC    1   -   1.0    HPS (1990) COMP. REVIS.
C
C          55    H HE+2  EXC    1   4   1.0   *FRITSCH (1991)
C          56    H HE+2  EXC    1   4   1.0   *FRITSCH (1991)
C
C          57    H BE+4  EXC    1   9   1.0   *FRITSCH (1991)
C          58    H BE+4  EXC    1   9   1.0   *FRITSCH (1991)
C
C          59    H X+Z0  EXC    1   -   1.0   *SCALED FROM FRITSCH '91.
C          60    H X+Z0  EXC    1   -   1.0   *SCALED FROM FRITSCH '91.
C
C          61    H X+Z0  EXC    1   -   1.0   *SCALED FROM FRITSCH '91.
C
C          62    H HE+2  TOTAL  1   4   1.0   *HPS  @ OCT      (1991)
C
C          63    H B+5   ION    1  11   1.0   *HPS (1993) COMPOSITE
C          64    H N+7   ION    1  14   1.0   *HPS (1993) COMPOSITE
C          65    H NE+10 ION    1  20   1.0   *HPS (1993) COMPOSITE
C
C          66    H B+5   CX     1  11   5.0   *HPS (1993) COMPOSITE
C          67    H N+7   CX     1  14   5.0   *HPS (1993) COMPOSITE
C          68    H NE+10 CX     1  20   5.0   *HPS (1993) COMPOSITE
C
C                PREFERRED DATA INDICATED BY *
C
C      NOTES.
C      ------
C           1   H(1S) IMPACT.  HE+2 ---> HE+1  TOTAL CHARGE TRANSFER
C           2   H(1S) IMPACT.  H+   ---> H     TOTAL CHARGE TRANSFER
C
C           3   H(1S) IMPACT.  H+   ---> H     TOTAL CHARGE TRANSFER
C           4   H(1S) IMPACT.  HE+2 ---> HE+   TOTAL CHARGE TRANSFER
C           5   H(1S) IMPACT.  C+6  ---> C+5   TOTAL CHARGE TRANSFER
C           6   H(1S) IMPACT.  O+8  ---> O+7   TOTAL CHARGE TRANSFER
C
C           7   H(1S) IMPACT.  H+   ---> H     TOTAL CHARGE TRANSFER
C           8   H(1S) IMPACT.  HE+2 ---> HE+   TOTAL CHARGE TRANSFER
C           9   H(1S) IMPACT.  C+6  ---> C+5   TOTAL CHARGE TRANSFER
C          10   H(1S) IMPACT.  O+8  ---> O+7   TOTAL CHARGE TRANSFER
C
C          11   ELECTRON IMPACT IONISATION
C
C          12   H+   TARGET.    H(1S) ---> H+ IONISATION
C
C          13   HE+2 TARGET.    H(1S) ---> H+ IONISATION
C          14   C+6  TARGET.    H(1S) ---> H+ IONISATION
C          15   O+8  TARGET.    H(1S) ---> H+ IONISATION
C
C          16   C+6  TARGET.    H(1S) ---> H+ IONISATION
C          17   O+8  TARGET.    H(1S) ---> H+ IONISATION
C
C          18   HE+2 TARGET.    H(1S) ---> H+ IONISATION
C          19   C+6  TARGET.    H(1S) ---> H+ IONISATION
C          20   O+8  TARGET.    H(1S) ---> H+ IONISATION
C
C          21   H+   TARGET.    H(1S) ---> H(N=2) EXCITATION
C          22   H+   TARGET.    H(1S) ---> H(N=3) EXCITATION
C          23   H+   TARGET.    H(1S) ---> H(N=4) EXCITATION
C          24   H+   TARGET.    H(1S) ---> H(N=5) EXCITATION
C                          *EXTENDS TO HIGHER N BY 1 N**3 RULE
C                           USE N > 5 ON INPUT
C
C          25   HE+2 TARGET.    H(1S) ---> H(SUM N=2-5) EXCITATION
C          26   C+6  TARGET.    H(1S) ---> H(SUM N=2-5) EXCITATION
C                          *SEPARATES INTO N-SHELLS BY USING RATIOS FROM
C                           H+ IMPACT -SEE 21-24 ABOVE
C                           USE N = 0 FOR SUM, N > 1 FOR SEPARATE N'S.
C
C          27   X+Z0 TARGET.    H(1S) ---> H(SUM N=2-5) EXCITATION
C                          *UNIVERSAL DATA  CONVERTS TO ABSOLUTE CROSS-
C                           SECTIONS AT ACTUAL Z0 BY COMPUTING
C                           Q*Z0**P  WHERE P=(2*E+5.0E+4) (E+5.0E+4).
C                          *SEPARATES INTO N-SHELLS BY USING RATIOS FROM
C                           H+ IMPACT -SEE 21-24 ABOVE
C                           USE N = 0 FOR SUM, N > 1 FOR SEPARATE N'S,
C                           AND Z0 TO SELECT ION
C
C          28   H+   TARGET.    H(1S) ---> H+ IONISATION
C          29   HE+2 TARGET.    H(1S) ---> H+ IONISATION
C          30   LI+3 TARGET.    H(1S) ---> H+ IONISATION
C          31   BE+4 TARGET.    H(1S) ---> H+ IONISATION
C          32   C+6  TARGET.    H(1S) ---> H+ IONISATION
C          33   O+8  TARGET.    H(1S) ---> H+ IONISATION
C
C          34   X+Z0 TARGET.    H(N) ---> H+  IONISATION
C                          *UNIVERSAL DATA  CONVERT TO ABSOLUTE CROSS-
C                           SECTIONS AT ACTUAL ZO AND N AT ACTUAL
C                           ENERGIES BY COMPUTING
C                           Q*N**4*Z0**2 AND E N**2
C
C          35   H(N) IMPACT.    H+  ---> H       TOTAL CHARGE TRANSFER
C          36   H(N) IMPACT.    C+6 ---> C+5     TOTAL CHARGE TRANSFER
C                          *UNIVERSAL DATA  CONVERT TO ABSOLUTE CROSS-
C                           SECTIONS FOR ACTUAL N AT ACTUAL ENERGIES
C                           BY COMPUTING Q*N**4 AND E N**2
C
C          37   H(N) IMPACT.    X+Z0---> X+Z0-1  TOTAL CHARGE TRANSFER
C                          *UNIVERSAL DATA  CONVERT TO ABSOLUTE CROSS-
C                           SECTIONS FOR ACTUAL Z0 AND N AT ACTUAL
C                           ENERGIES BY COMPUTING
C                           Q*N**4*Z0**1.07 AND E*Z0**0.48 N**2
C
C          38   H(1S) IMPACT.  BE+4 ---> BE+3  TOTAL CHARGE TRANSFER
C
C          39   H(1S) IMPACT.  HE+2 ---> HE+   TOTAL CHARGE TRANSFER
C
C          40   HE+2 TARGET.    H(1S) ---> H(N=2) EXCITATION
C          41   HE+2 TARGET.    H(1S) ---> H(N=3) EXCITATION
C          42   HE+2 TARGET.    H(1S) ---> H(N=4) EXCITATION
C                          *EXTENDS TO HIGHER N BY 1 N**3 RULE
C
C          43   BE+4 TARGET.    H(1S) ---> H(N=2) EXCITATION
C          44   BE+4 TARGET.    H(1S) ---> H(N=3) EXCITATION
C          45   BE+4 TARGET.    H(1S) ---> H(N=4) EXCITATION
C                          *EXTENDS TO HIGHER N BY 1 N**3 RULE
C                           USE N > 4 ON INPUT
C
C          46   C +6 TARGET.    H(1S) ---> H(N=2) EXCITATION
C          47   C +6 TARGET.    H(1S) ---> H(N=3) EXCITATION
C          48   C +6 TARGET.    H(1S) ---> H(N=4) EXCITATION
C                          *EXTENDS TO HIGHER N BY 1 N**3 RULE
C                           USE N > 4 ON INPUT
C
C          49   O +8 TARGET.    H(1S) ---> H(N=2) EXCITATION
C          50   O +8 TARGET.    H(1S) ---> H(N=3) EXCITATION
C          51   O +8 TARGET.    H(1S) ---> H(N=4) EXCITATION
C                          *EXTENDS TO HIGHER N BY 1 N**3 RULE
C                           USE N > 4 ON INPUT
C
C          52   X+Z0 TARGET.    H(1S) ---> H(N=2) EXCITATION
C          53   X+Z0 TARGET.    H(1S) ---> H(N=3) EXCITATION
C          54   X+Z0 TARGET.    H(1S) ---> H(N=4) EXCITATION
C                          *UNIVERSAL DATA  CONVERTS TO ABSOLUTE CROSS-
C                           SECTIONS AT ABSOLUTE ENERGIES BY COMPUTING
C                           Q*Z0  AND  E*Z0  FOR ACTUAL Z0.
C                          *EXTENDS TO HIGHER N BY 1 N**3 RULE
C                           USE N > 4 ON INPUT
C
C          55   HE+2 TARGET.    H(1S) ---> H(N=2) EXCITATION
C          56   HE+2 TARGET.    H(1S) ---> H(N=3) EXCITATION
C                          *EXTENDS TO HIGHER N BY 1/N**3 RULE
C                           USE N > 3 ON INPUT
C
C          57   BE+4 TARGET.    H(1S) ---> H(N=2) EXCITATION
C          58   BE+4 TARGET.    H(1S) ---> H(N=3) EXCITATION
C                          *EXTENDS TO HIGHER N BY 1/N**3 RULE
C                           USE N > 3 ON INPUT
C
C          59   X+Z0 TARGET.    H(1S) ---> H(N=2) EXCITATION
C          60   X+Z0 TARGET.    H(1S) ---> H(N=3) EXCITATION
C                          *UNIVERSAL DATA  CONVERTS TO ABSOLUTE CROSS-
C                           SECTIONS AT ABSOLUTE ENERGIES BY COMPUTING
C                           Q*Z0  AND  E*Z0  FOR ACTUAL Z0 (BE+4 USED
C                           AS REFERENCE)
C                          *EXTENDS TO HIGHER N BY 1/N**3 RULE
C                           USE N > 3 ON INPUT
C
C          61   X+Z0 TARGET.    H(1S) ---> H(N) EXCITATION
C                          *UNIVERSAL DATA CONVERTS TO ABSOLUTE CROSS-
C                           SECTIONS AT ABSOLUTE ENERGIES BY COMPUTING
C                           Q*Z0/N**3 AND E*Z0 FOR ACTUAL Z0 AND N
C                           (BE+4 EXCITATION TO H(N=3) USED AS REF.)
C
C          62   HE+2 TARGET.    H(1S)   TOTAL STOPPING (29+39)
C
C          63   B+5   TARGET    H(1S) ---> H+ IONISATION
C          64   N+7   TARGET    H(1S) ---> H+ IONISATION
C          65   NE+10 TARGET    H(1S) ---> H+ IONISATION
C
C          66   B+5   TARGET    H(1S) ---> H+ TOTAL CHARGE TRANSFER
C          67   N+7   TARGET    H(1S) ---> H+ TOTAL CHARGE TRANSFER
C          68   NE+10 TARGET    H(1S) ---> H+ TOTAL CHARGE TRANSFER
C
C  ** CROSS-SECTION 34 CORRECTED  12 JULY 1990
C  ** COPIED FROM IONATOM.DATA(H)                            - 1 MAR 93
C  ** EXTENSION OF DATA TABULATION DENSITIES FOR * REACTIONS - 1 MAR 93
C     2, 28, 29, 38, 31, 5, 32, 6, 33
C  ** ADDITION OF CX AND ION. FOR B, N, NE                   - 1 MAR 93
C  ** AMENDED MASS OF BE IN CROSS-SECTION 31                 - 1 MAR 93
C----------------------------------------------------------------------
