    5 /SVREF=1.620E-07 /SPEC=B  /DATE=09.03.93 /CODE=V2BNDLN1
--------------------------------------------------------------------------------
   13   10 /TREF=5.000E+03
--------------------------------------------------------------------------------
 5.000E+03 1.000E+04 2.000E+04 3.000E+04 4.000E+04 5.000E+04 7.000E+04 1.000E+05
 1.200E+05 1.500E+05 2.000E+05 5.000E+05 1.000E+06
 1.000E+12 2.000E+12 5.000E+12 1.000E+13 2.000E+13 5.000E+13 1.000E+14 2.000E+14
 5.000E+14 1.000E+15
--------------------------------------------------------------------------------
 9.943E-08 1.214E-07 1.382E-07 1.435E-07 1.456E-07 1.496E-07 1.565E-07 1.630E-07
 1.654E-07 1.732E-07 1.764E-07 1.585E-07 1.272E-07
 9.990E-08 1.220E-07 1.388E-07 1.442E-07 1.464E-07 1.506E-07 1.578E-07 1.647E-07
 1.674E-07 1.755E-07 1.790E-07 1.614E-07 1.296E-07
 1.007E-07 1.230E-07 1.399E-07 1.454E-07 1.480E-07 1.525E-07 1.606E-07 1.685E-07
 1.716E-07 1.803E-07 1.846E-07 1.678E-07 1.352E-07
 1.015E-07 1.240E-07 1.410E-07 1.467E-07 1.497E-07 1.546E-07 1.635E-07 1.725E-07
 1.763E-07 1.857E-07 1.909E-07 1.752E-07 1.419E-07
 1.024E-07 1.252E-07 1.425E-07 1.484E-07 1.518E-07 1.573E-07 1.673E-07 1.777E-07
 1.822E-07 1.925E-07 1.990E-07 1.852E-07 1.511E-07
 1.041E-07 1.275E-07 1.453E-07 1.516E-07 1.557E-07 1.620E-07 1.739E-07 1.867E-07
 1.926E-07 2.045E-07 2.134E-07 2.036E-07 1.683E-07
 1.059E-07 1.298E-07 1.480E-07 1.547E-07 1.594E-07 1.666E-07 1.803E-07 1.954E-07
 2.027E-07 2.164E-07 2.278E-07 2.225E-07 1.864E-07
 1.082E-07 1.324E-07 1.508E-07 1.580E-07 1.636E-07 1.717E-07 1.874E-07 2.052E-07
 2.140E-07 2.297E-07 2.441E-07 2.445E-07 2.083E-07
 1.115E-07 1.356E-07 1.540E-07 1.619E-07 1.685E-07 1.778E-07 1.959E-07 2.167E-07
 2.273E-07 2.457E-07 2.638E-07 2.720E-07 2.370E-07
 1.136E-07 1.373E-07 1.555E-07 1.638E-07 1.711E-07 1.811E-07 2.004E-07 2.228E-07
 2.344E-07 2.541E-07 2.743E-07 2.870E-07 2.534E-07
--------------------------------------------------------------------------------
    9 /EREF=5.000E+04 /NREF=5.000E+13
--------------------------------------------------------------------------------
 1.000E+02 2.000E+02 5.000E+02 1.000E+03 2.000E+03 5.000E+03 1.000E+04 2.000E+04
 5.000E+04
--------------------------------------------------------------------------------
 1.913E-07 1.907E-07 1.836E-07 1.763E-07 1.694E-07 1.620E-07 1.578E-07 1.551E-07
 1.537E-07
--------------------------------------------------------------------------------
