    4 /SVREF=1.669E-07 /SPEC=BE /DATE=05.03.93 /CODE=V2BNDLN1
--------------------------------------------------------------------------------
   13   10 /TREF=5.000E+03
--------------------------------------------------------------------------------
 5.000E+03 1.000E+04 2.000E+04 3.000E+04 4.000E+04 5.000E+04 7.000E+04 1.000E+05
 1.200E+05 1.500E+05 2.000E+05 5.000E+05 1.000E+06
 1.000E+12 2.000E+12 5.000E+12 1.000E+13 2.000E+13 5.000E+13 1.000E+14 2.000E+14
 5.000E+14 1.000E+15
--------------------------------------------------------------------------------
 1.004E-07 1.186E-07 1.336E-07 1.413E-07 1.473E-07 1.530E-07 1.573E-07 1.584E-07
 1.592E-07 1.625E-07 1.611E-07 1.391E-07 1.093E-07
 1.009E-07 1.192E-07 1.341E-07 1.420E-07 1.481E-07 1.540E-07 1.587E-07 1.601E-07
 1.611E-07 1.646E-07 1.635E-07 1.415E-07 1.112E-07
 1.017E-07 1.201E-07 1.352E-07 1.434E-07 1.499E-07 1.562E-07 1.616E-07 1.639E-07
 1.654E-07 1.694E-07 1.687E-07 1.469E-07 1.156E-07
 1.024E-07 1.210E-07 1.363E-07 1.448E-07 1.518E-07 1.586E-07 1.648E-07 1.681E-07
 1.701E-07 1.747E-07 1.746E-07 1.532E-07 1.210E-07
 1.034E-07 1.222E-07 1.378E-07 1.467E-07 1.543E-07 1.617E-07 1.690E-07 1.736E-07
 1.762E-07 1.816E-07 1.825E-07 1.620E-07 1.286E-07
 1.050E-07 1.244E-07 1.405E-07 1.501E-07 1.586E-07 1.669E-07 1.761E-07 1.830E-07
 1.869E-07 1.939E-07 1.964E-07 1.781E-07 1.428E-07
 1.068E-07 1.267E-07 1.432E-07 1.535E-07 1.628E-07 1.721E-07 1.831E-07 1.923E-07
 1.975E-07 2.062E-07 2.106E-07 1.949E-07 1.579E-07
 1.091E-07 1.293E-07 1.463E-07 1.574E-07 1.677E-07 1.781E-07 1.911E-07 2.030E-07
 2.097E-07 2.205E-07 2.272E-07 2.152E-07 1.768E-07
 1.125E-07 1.326E-07 1.498E-07 1.620E-07 1.737E-07 1.855E-07 2.010E-07 2.160E-07
 2.247E-07 2.382E-07 2.479E-07 2.416E-07 2.027E-07
 1.147E-07 1.344E-07 1.517E-07 1.644E-07 1.769E-07 1.895E-07 2.064E-07 2.231E-07
 2.328E-07 2.478E-07 2.593E-07 2.568E-07 2.184E-07
--------------------------------------------------------------------------------
    9 /EREF=5.000E+04 /NREF=5.000E+13
--------------------------------------------------------------------------------
 1.000E+02 2.000E+02 5.000E+02 1.000E+03 2.000E+03 5.000E+03 1.000E+04 2.000E+04
 5.000E+04
--------------------------------------------------------------------------------
 1.969E-07 1.961E-07 1.889E-07 1.816E-07 1.746E-07 1.669E-07 1.623E-07 1.586E-07
 1.555E-07
--------------------------------------------------------------------------------
