    6 /SVREF=1.671E-07 /SPEC=C  /DATE=09.03.93 /CODE=V2BNDLN1
--------------------------------------------------------------------------------
   13   10 /TREF=5.000E+03
--------------------------------------------------------------------------------
 5.000E+03 1.000E+04 2.000E+04 3.000E+04 4.000E+04 5.000E+04 7.000E+04 1.000E+05
 1.200E+05 1.500E+05 2.000E+05 5.000E+05 1.000E+06
 1.000E+12 2.000E+12 5.000E+12 1.000E+13 2.000E+13 5.000E+13 1.000E+14 2.000E+14
 5.000E+14 1.000E+15
--------------------------------------------------------------------------------
 8.758E-08 1.075E-07 1.304E-07 1.431E-07 1.513E-07 1.560E-07 1.586E-07 1.612E-07
 1.640E-07 1.746E-07 1.873E-07 1.726E-07 1.402E-07
 8.806E-08 1.081E-07 1.310E-07 1.437E-07 1.521E-07 1.569E-07 1.598E-07 1.629E-07
 1.660E-07 1.769E-07 1.900E-07 1.759E-07 1.431E-07
 8.887E-08 1.091E-07 1.321E-07 1.449E-07 1.535E-07 1.586E-07 1.624E-07 1.665E-07
 1.701E-07 1.818E-07 1.958E-07 1.832E-07 1.498E-07
 8.965E-08 1.101E-07 1.333E-07 1.461E-07 1.550E-07 1.605E-07 1.651E-07 1.704E-07
 1.746E-07 1.871E-07 2.021E-07 1.916E-07 1.577E-07
 9.059E-08 1.114E-07 1.348E-07 1.478E-07 1.570E-07 1.629E-07 1.685E-07 1.753E-07
 1.804E-07 1.938E-07 2.102E-07 2.027E-07 1.685E-07
 9.225E-08 1.137E-07 1.377E-07 1.509E-07 1.605E-07 1.671E-07 1.745E-07 1.837E-07
 1.902E-07 2.054E-07 2.245E-07 2.230E-07 1.885E-07
 9.403E-08 1.161E-07 1.404E-07 1.538E-07 1.639E-07 1.713E-07 1.803E-07 1.919E-07
 1.998E-07 2.168E-07 2.385E-07 2.436E-07 2.093E-07
 9.634E-08 1.187E-07 1.432E-07 1.569E-07 1.676E-07 1.758E-07 1.866E-07 2.008E-07
 2.102E-07 2.293E-07 2.541E-07 2.671E-07 2.338E-07
 9.966E-08 1.218E-07 1.461E-07 1.602E-07 1.717E-07 1.809E-07 1.939E-07 2.111E-07
 2.223E-07 2.438E-07 2.724E-07 2.951E-07 2.644E-07
 1.017E-07 1.233E-07 1.475E-07 1.618E-07 1.738E-07 1.835E-07 1.976E-07 2.164E-07
 2.284E-07 2.513E-07 2.819E-07 3.099E-07 2.813E-07
--------------------------------------------------------------------------------
    9 /EREF=5.000E+04 /NREF=5.000E+13
--------------------------------------------------------------------------------
 1.000E+02 2.000E+02 5.000E+02 1.000E+03 2.000E+03 5.000E+03 1.000E+04 2.000E+04
 5.000E+04
--------------------------------------------------------------------------------
 1.971E-07 1.965E-07 1.893E-07 1.820E-07 1.749E-07 1.671E-07 1.624E-07 1.586E-07
 1.554E-07
--------------------------------------------------------------------------------
