    7 /SVREF=1.618E-07 /SPEC=N  /DATE=10.03.93 /CODE=V2BNDLN1
--------------------------------------------------------------------------------
   13   10 /TREF=5.000E+03
--------------------------------------------------------------------------------
 5.000E+03 1.000E+04 2.000E+04 3.000E+04 4.000E+04 5.000E+04 7.000E+04 1.000E+05
 1.200E+05 1.500E+05 2.000E+05 5.000E+05 1.000E+06
 1.000E+12 2.000E+12 5.000E+12 1.000E+13 2.000E+13 5.000E+13 1.000E+14 2.000E+14
 5.000E+14 1.000E+15
--------------------------------------------------------------------------------
 9.635E-08 1.180E-07 1.349E-07 1.435E-07 1.485E-07 1.516E-07 1.545E-07 1.624E-07
 1.695E-07 1.862E-07 2.047E-07 2.036E-07 1.622E-07
 9.683E-08 1.186E-07 1.355E-07 1.441E-07 1.492E-07 1.525E-07 1.557E-07 1.641E-07
 1.715E-07 1.885E-07 2.075E-07 2.073E-07 1.656E-07
 9.766E-08 1.196E-07 1.367E-07 1.453E-07 1.505E-07 1.540E-07 1.580E-07 1.675E-07
 1.755E-07 1.933E-07 2.134E-07 2.155E-07 1.734E-07
 9.844E-08 1.207E-07 1.380E-07 1.466E-07 1.519E-07 1.557E-07 1.604E-07 1.711E-07
 1.798E-07 1.985E-07 2.197E-07 2.246E-07 1.824E-07
 9.937E-08 1.220E-07 1.396E-07 1.482E-07 1.537E-07 1.579E-07 1.636E-07 1.757E-07
 1.853E-07 2.050E-07 2.276E-07 2.367E-07 1.946E-07
 1.010E-07 1.244E-07 1.426E-07 1.513E-07 1.570E-07 1.618E-07 1.690E-07 1.837E-07
 1.947E-07 2.161E-07 2.414E-07 2.585E-07 2.172E-07
 1.028E-07 1.268E-07 1.453E-07 1.541E-07 1.602E-07 1.656E-07 1.743E-07 1.913E-07
 2.036E-07 2.270E-07 2.549E-07 2.804E-07 2.404E-07
 1.052E-07 1.294E-07 1.480E-07 1.570E-07 1.635E-07 1.696E-07 1.799E-07 1.994E-07
 2.133E-07 2.387E-07 2.697E-07 3.048E-07 2.670E-07
 1.085E-07 1.323E-07 1.507E-07 1.600E-07 1.671E-07 1.739E-07 1.861E-07 2.085E-07
 2.242E-07 2.520E-07 2.866E-07 3.330E-07 2.992E-07
 1.105E-07 1.338E-07 1.520E-07 1.615E-07 1.688E-07 1.761E-07 1.892E-07 2.131E-07
 2.296E-07 2.587E-07 2.952E-07 3.475E-07 3.164E-07
--------------------------------------------------------------------------------
    9 /EREF=5.000E+04 /NREF=5.000E+13
--------------------------------------------------------------------------------
 1.000E+02 2.000E+02 5.000E+02 1.000E+03 2.000E+03 5.000E+03 1.000E+04 2.000E+04
 5.000E+04
--------------------------------------------------------------------------------
 1.908E-07 1.904E-07 1.834E-07 1.762E-07 1.693E-07 1.618E-07 1.574E-07 1.540E-07
 1.516E-07
--------------------------------------------------------------------------------
