   10 /SVREF=1.676E-07 /SPEC=NE /DATE=11.03.93 /CODE=V2BNDLN1
--------------------------------------------------------------------------------
   13   10 /TREF=5.000E+03
--------------------------------------------------------------------------------
 5.000E+03 1.000E+04 2.000E+04 3.000E+04 4.000E+04 5.000E+04 7.000E+04 1.000E+05
 1.200E+05 1.500E+05 2.000E+05 5.000E+05 1.000E+06
 1.000E+12 2.000E+12 5.000E+12 1.000E+13 2.000E+13 5.000E+13 1.000E+14 2.000E+14
 5.000E+14 1.000E+15
--------------------------------------------------------------------------------
 9.863E-08 1.193E-07 1.367E-07 1.473E-07 1.546E-07 1.588E-07 1.589E-07 1.573E-07
 1.571E-07 1.715E-07 2.023E-07 2.696E-07 2.170E-07
 9.914E-08 1.200E-07 1.374E-07 1.480E-07 1.553E-07 1.596E-07 1.598E-07 1.587E-07
 1.588E-07 1.736E-07 2.051E-07 2.743E-07 2.218E-07
 9.998E-08 1.211E-07 1.388E-07 1.493E-07 1.566E-07 1.609E-07 1.616E-07 1.615E-07
 1.623E-07 1.780E-07 2.108E-07 2.841E-07 2.323E-07
 1.008E-07 1.221E-07 1.402E-07 1.507E-07 1.580E-07 1.623E-07 1.635E-07 1.644E-07
 1.659E-07 1.826E-07 2.167E-07 2.947E-07 2.440E-07
 1.017E-07 1.235E-07 1.420E-07 1.526E-07 1.598E-07 1.642E-07 1.660E-07 1.681E-07
 1.705E-07 1.883E-07 2.240E-07 3.084E-07 2.596E-07
 1.034E-07 1.261E-07 1.452E-07 1.558E-07 1.630E-07 1.676E-07 1.703E-07 1.745E-07
 1.784E-07 1.981E-07 2.367E-07 3.329E-07 2.880E-07
 1.053E-07 1.286E-07 1.480E-07 1.587E-07 1.659E-07 1.707E-07 1.744E-07 1.805E-07
 1.857E-07 2.074E-07 2.487E-07 3.566E-07 3.162E-07
 1.076E-07 1.311E-07 1.504E-07 1.613E-07 1.687E-07 1.738E-07 1.785E-07 1.866E-07
 1.933E-07 2.170E-07 2.613E-07 3.815E-07 3.467E-07
 1.109E-07 1.337E-07 1.527E-07 1.637E-07 1.715E-07 1.769E-07 1.827E-07 1.930E-07
 2.012E-07 2.273E-07 2.750E-07 4.086E-07 3.808E-07
 1.128E-07 1.349E-07 1.536E-07 1.648E-07 1.727E-07 1.783E-07 1.846E-07 1.960E-07
 2.050E-07 2.323E-07 2.817E-07 4.217E-07 3.977E-07
--------------------------------------------------------------------------------
    9 /EREF=5.000E+04 /NREF=5.000E+13
--------------------------------------------------------------------------------
 1.000E+02 2.000E+02 5.000E+02 1.000E+03 2.000E+03 5.000E+03 1.000E+04 2.000E+04
 5.000E+04
--------------------------------------------------------------------------------
 1.987E-07 1.982E-07 1.910E-07 1.833E-07 1.759E-07 1.676E-07 1.625E-07 1.585E-07
 1.548E-07
--------------------------------------------------------------------------------
