    8 /SVREF=1.665E-07 /SPEC=O  /DATE=10.03.93 /CODE=V2BNDLN1
--------------------------------------------------------------------------------
   13   10 /TREF=5.000E+03
--------------------------------------------------------------------------------
 5.000E+03 1.000E+04 2.000E+04 3.000E+04 4.000E+04 5.000E+04 7.000E+04 1.000E+05
 1.200E+05 1.500E+05 2.000E+05 5.000E+05 1.000E+06
 1.000E+12 2.000E+12 5.000E+12 1.000E+13 2.000E+13 5.000E+13 1.000E+14 2.000E+14
 5.000E+14 1.000E+15
--------------------------------------------------------------------------------
 9.742E-08 1.142E-07 1.302E-07 1.428E-07 1.518E-07 1.571E-07 1.593E-07 1.621E-07
 1.686E-07 1.904E-07 2.158E-07 2.216E-07 1.776E-07
 9.791E-08 1.148E-07 1.309E-07 1.435E-07 1.525E-07 1.579E-07 1.604E-07 1.637E-07
 1.704E-07 1.927E-07 2.186E-07 2.257E-07 1.816E-07
 9.874E-08 1.159E-07 1.321E-07 1.447E-07 1.537E-07 1.593E-07 1.625E-07 1.669E-07
 1.743E-07 1.974E-07 2.244E-07 2.345E-07 1.904E-07
 9.952E-08 1.169E-07 1.334E-07 1.460E-07 1.551E-07 1.609E-07 1.647E-07 1.703E-07
 1.784E-07 2.024E-07 2.306E-07 2.442E-07 2.005E-07
 1.005E-07 1.183E-07 1.352E-07 1.477E-07 1.569E-07 1.629E-07 1.676E-07 1.745E-07
 1.836E-07 2.086E-07 2.384E-07 2.569E-07 2.140E-07
 1.021E-07 1.207E-07 1.382E-07 1.508E-07 1.601E-07 1.665E-07 1.727E-07 1.820E-07
 1.925E-07 2.193E-07 2.519E-07 2.798E-07 2.390E-07
 1.040E-07 1.231E-07 1.410E-07 1.536E-07 1.631E-07 1.700E-07 1.774E-07 1.890E-07
 2.009E-07 2.296E-07 2.649E-07 3.024E-07 2.644E-07
 1.063E-07 1.257E-07 1.436E-07 1.564E-07 1.662E-07 1.736E-07 1.824E-07 1.964E-07
 2.098E-07 2.406E-07 2.789E-07 3.271E-07 2.929E-07
 1.096E-07 1.285E-07 1.461E-07 1.592E-07 1.694E-07 1.774E-07 1.879E-07 2.044E-07
 2.197E-07 2.528E-07 2.946E-07 3.549E-07 3.263E-07
 1.115E-07 1.299E-07 1.473E-07 1.605E-07 1.709E-07 1.792E-07 1.905E-07 2.084E-07
 2.245E-07 2.589E-07 3.025E-07 3.689E-07 3.436E-07
--------------------------------------------------------------------------------
    9 /EREF=5.000E+04 /NREF=5.000E+13
--------------------------------------------------------------------------------
 1.000E+02 2.000E+02 5.000E+02 1.000E+03 2.000E+03 5.000E+03 1.000E+04 2.000E+04
 5.000E+04
--------------------------------------------------------------------------------
 1.967E-07 1.962E-07 1.890E-07 1.816E-07 1.744E-07 1.665E-07 1.617E-07 1.579E-07
 1.545E-07
--------------------------------------------------------------------------------
