    4 /SVREF=1.048E-07 /SPEC=BE /DATE=06.12.91 /CODE=TAVG
--------------------------------------------------------------------------------
   11   10 /TREF=5.000E+03
--------------------------------------------------------------------------------
 5.000E+03 1.000E+04 2.000E+04 3.000E+04 4.000E+04 5.000E+04 7.000E+04 1.000E+05
 1.200E+05 1.500E+05 2.000E+05
 1.000E+12 2.000E+12 5.000E+12 1.000E+13 2.000E+13 5.000E+13 1.000E+14 2.000E+14
 5.000E+14 1.000E+15
--------------------------------------------------------------------------------
 4.051E-08 5.398E-08 7.284E-08 8.595E-08 9.599E-08 1.048E-07 1.208E-07 1.377E-07
 1.427E-07 1.466E-07 1.470E-07
 4.051E-08 5.398E-08 7.284E-08 8.595E-08 9.599E-08 1.048E-07 1.208E-07 1.377E-07
 1.427E-07 1.466E-07 1.470E-07
 4.051E-08 5.398E-08 7.284E-08 8.595E-08 9.599E-08 1.048E-07 1.208E-07 1.377E-07
 1.427E-07 1.466E-07 1.470E-07
 4.051E-08 5.398E-08 7.284E-08 8.595E-08 9.599E-08 1.048E-07 1.208E-07 1.377E-07
 1.427E-07 1.466E-07 1.470E-07
 4.051E-08 5.398E-08 7.284E-08 8.595E-08 9.599E-08 1.048E-07 1.208E-07 1.377E-07
 1.427E-07 1.466E-07 1.470E-07
 4.051E-08 5.398E-08 7.284E-08 8.595E-08 9.599E-08 1.048E-07 1.208E-07 1.377E-07
 1.427E-07 1.466E-07 1.470E-07
 4.051E-08 5.398E-08 7.284E-08 8.595E-08 9.599E-08 1.048E-07 1.208E-07 1.377E-07
 1.427E-07 1.466E-07 1.470E-07
 4.051E-08 5.398E-08 7.284E-08 8.595E-08 9.599E-08 1.048E-07 1.208E-07 1.377E-07
 1.427E-07 1.466E-07 1.470E-07
 4.051E-08 5.398E-08 7.284E-08 8.595E-08 9.599E-08 1.048E-07 1.208E-07 1.377E-07
 1.427E-07 1.466E-07 1.470E-07
 4.051E-08 5.398E-08 7.284E-08 8.595E-08 9.599E-08 1.048E-07 1.208E-07 1.377E-07
 1.427E-07 1.466E-07 1.470E-07
--------------------------------------------------------------------------------
    9 /EREF=5.000E+04 /NREF=5.000E+13
--------------------------------------------------------------------------------
 1.000E+02 2.000E+02 5.000E+02 1.000E+03 2.000E+03 5.000E+03 1.000E+04 2.000E+04
 5.000E+04
--------------------------------------------------------------------------------
 1.088E-07 1.135E-07 1.143E-07 1.121E-07 1.090E-07 1.048E-07 1.022E-07 1.007E-07
 1.006E-07
--------------------------------------------------------------------------------
