    5 /SVREF=1.034E-07 /SPEC=B  /DATE=06.12.91 /CODE=TAVG
--------------------------------------------------------------------------------
   11   10 /TREF=5.000E+03
--------------------------------------------------------------------------------
 5.000E+03 1.000E+04 2.000E+04 3.000E+04 4.000E+04 5.000E+04 7.000E+04 1.000E+05
 1.200E+05 1.500E+05 2.000E+05
 1.000E+12 2.000E+12 5.000E+12 1.000E+13 2.000E+13 5.000E+13 1.000E+14 2.000E+14
 5.000E+14 1.000E+15
--------------------------------------------------------------------------------
 4.296E-08 5.756E-08 7.672E-08 8.875E-08 9.699E-08 1.034E-07 1.136E-07 1.248E-07
 1.296E-07 1.352E-07 1.407E-07
 4.296E-08 5.756E-08 7.672E-08 8.875E-08 9.699E-08 1.034E-07 1.136E-07 1.248E-07
 1.296E-07 1.352E-07 1.407E-07
 4.296E-08 5.756E-08 7.672E-08 8.875E-08 9.699E-08 1.034E-07 1.136E-07 1.248E-07
 1.296E-07 1.352E-07 1.407E-07
 4.296E-08 5.756E-08 7.672E-08 8.875E-08 9.699E-08 1.034E-07 1.136E-07 1.248E-07
 1.296E-07 1.352E-07 1.407E-07
 4.296E-08 5.756E-08 7.672E-08 8.875E-08 9.699E-08 1.034E-07 1.136E-07 1.248E-07
 1.296E-07 1.352E-07 1.407E-07
 4.296E-08 5.756E-08 7.672E-08 8.875E-08 9.699E-08 1.034E-07 1.136E-07 1.248E-07
 1.296E-07 1.352E-07 1.407E-07
 4.296E-08 5.756E-08 7.672E-08 8.875E-08 9.699E-08 1.034E-07 1.136E-07 1.248E-07
 1.296E-07 1.352E-07 1.407E-07
 4.296E-08 5.756E-08 7.672E-08 8.875E-08 9.699E-08 1.034E-07 1.136E-07 1.248E-07
 1.296E-07 1.352E-07 1.407E-07
 4.296E-08 5.756E-08 7.672E-08 8.875E-08 9.699E-08 1.034E-07 1.136E-07 1.248E-07
 1.296E-07 1.352E-07 1.407E-07
 4.296E-08 5.756E-08 7.672E-08 8.875E-08 9.699E-08 1.034E-07 1.136E-07 1.248E-07
 1.296E-07 1.352E-07 1.407E-07
--------------------------------------------------------------------------------
    9 /EREF=5.000E+04 /NREF=5.000E+13
--------------------------------------------------------------------------------
 1.000E+02 2.000E+02 5.000E+02 1.000E+03 2.000E+03 5.000E+03 1.000E+04 2.000E+04
 5.000E+04
--------------------------------------------------------------------------------
 1.079E-07 1.126E-07 1.133E-07 1.111E-07 1.079E-07 1.034E-07 1.004E-07 9.827E-08
 9.672E-08
--------------------------------------------------------------------------------
