    6 /SVREF=1.058E-07 /SPEC=C  /DATE=06.12.91 /CODE=TAVG
--------------------------------------------------------------------------------
   11   10 /TREF=5.000E+03
--------------------------------------------------------------------------------
 5.000E+03 1.000E+04 2.000E+04 3.000E+04 4.000E+04 5.000E+04 7.000E+04 1.000E+05
 1.200E+05 1.500E+05 2.000E+05
 1.000E+12 2.000E+12 5.000E+12 1.000E+13 2.000E+13 5.000E+13 1.000E+14 2.000E+14
 5.000E+14 1.000E+15
--------------------------------------------------------------------------------
 4.740E-08 6.375E-08 8.373E-08 9.492E-08 1.016E-07 1.058E-07 1.107E-07 1.172E-07
 1.222E-07 1.293E-07 1.397E-07
 4.740E-08 6.375E-08 8.373E-08 9.492E-08 1.016E-07 1.058E-07 1.107E-07 1.172E-07
 1.222E-07 1.293E-07 1.397E-07
 4.740E-08 6.375E-08 8.373E-08 9.492E-08 1.016E-07 1.058E-07 1.107E-07 1.172E-07
 1.222E-07 1.293E-07 1.397E-07
 4.740E-08 6.375E-08 8.373E-08 9.492E-08 1.016E-07 1.058E-07 1.107E-07 1.172E-07
 1.222E-07 1.293E-07 1.397E-07
 4.740E-08 6.375E-08 8.373E-08 9.492E-08 1.016E-07 1.058E-07 1.107E-07 1.172E-07
 1.222E-07 1.293E-07 1.397E-07
 4.740E-08 6.375E-08 8.373E-08 9.492E-08 1.016E-07 1.058E-07 1.107E-07 1.172E-07
 1.222E-07 1.293E-07 1.397E-07
 4.740E-08 6.375E-08 8.373E-08 9.492E-08 1.016E-07 1.058E-07 1.107E-07 1.172E-07
 1.222E-07 1.293E-07 1.397E-07
 4.740E-08 6.375E-08 8.373E-08 9.492E-08 1.016E-07 1.058E-07 1.107E-07 1.172E-07
 1.222E-07 1.293E-07 1.397E-07
 4.740E-08 6.375E-08 8.373E-08 9.492E-08 1.016E-07 1.058E-07 1.107E-07 1.172E-07
 1.222E-07 1.293E-07 1.397E-07
 4.740E-08 6.375E-08 8.373E-08 9.492E-08 1.016E-07 1.058E-07 1.107E-07 1.172E-07
 1.222E-07 1.293E-07 1.397E-07
--------------------------------------------------------------------------------
    9 /EREF=5.000E+04 /NREF=5.000E+13
--------------------------------------------------------------------------------
 1.000E+02 2.000E+02 5.000E+02 1.000E+03 2.000E+03 5.000E+03 1.000E+04 2.000E+04
 5.000E+04
--------------------------------------------------------------------------------
 1.107E-07 1.154E-07 1.161E-07 1.138E-07 1.105E-07 1.058E-07 1.026E-07 9.997E-08
 9.744E-08
--------------------------------------------------------------------------------
