    1 /SVREF=6.682E-08 /SPEC=H  /DATE=06.12.91 /CODE=TAVG
--------------------------------------------------------------------------------
   11   10 /TREF=5.000E+03
--------------------------------------------------------------------------------
 5.000E+03 1.000E+04 2.000E+04 3.000E+04 4.000E+04 5.000E+04 7.000E+04 1.000E+05
 1.200E+05 1.500E+05 2.000E+05
 1.000E+12 2.000E+12 5.000E+12 1.000E+13 2.000E+13 5.000E+13 1.000E+14 2.000E+14
 5.000E+14 1.000E+15
--------------------------------------------------------------------------------
 3.538E-08 4.366E-08 5.560E-08 6.231E-08 6.558E-08 6.682E-08 6.670E-08 6.485E-08
 6.361E-08 6.200E-08 5.977E-08
 3.538E-08 4.366E-08 5.560E-08 6.231E-08 6.558E-08 6.682E-08 6.670E-08 6.485E-08
 6.361E-08 6.200E-08 5.977E-08
 3.538E-08 4.366E-08 5.560E-08 6.231E-08 6.558E-08 6.682E-08 6.670E-08 6.485E-08
 6.361E-08 6.200E-08 5.977E-08
 3.538E-08 4.366E-08 5.560E-08 6.231E-08 6.558E-08 6.682E-08 6.670E-08 6.485E-08
 6.361E-08 6.200E-08 5.977E-08
 3.538E-08 4.366E-08 5.560E-08 6.231E-08 6.558E-08 6.682E-08 6.670E-08 6.485E-08
 6.361E-08 6.200E-08 5.977E-08
 3.538E-08 4.366E-08 5.560E-08 6.231E-08 6.558E-08 6.682E-08 6.670E-08 6.485E-08
 6.361E-08 6.200E-08 5.977E-08
 3.538E-08 4.366E-08 5.560E-08 6.231E-08 6.558E-08 6.682E-08 6.670E-08 6.485E-08
 6.361E-08 6.200E-08 5.977E-08
 3.538E-08 4.366E-08 5.560E-08 6.231E-08 6.558E-08 6.682E-08 6.670E-08 6.485E-08
 6.361E-08 6.200E-08 5.977E-08
 3.538E-08 4.366E-08 5.560E-08 6.231E-08 6.558E-08 6.682E-08 6.670E-08 6.485E-08
 6.361E-08 6.200E-08 5.977E-08
 3.538E-08 4.366E-08 5.560E-08 6.231E-08 6.558E-08 6.682E-08 6.670E-08 6.485E-08
 6.361E-08 6.200E-08 5.977E-08
--------------------------------------------------------------------------------
    9 /EREF=5.000E+04 /NREF=5.000E+13
--------------------------------------------------------------------------------
 1.000E+02 2.000E+02 5.000E+02 1.000E+03 2.000E+03 5.000E+03 1.000E+04 2.000E+04
 5.000E+04
--------------------------------------------------------------------------------
 7.321E-08 7.791E-08 7.873E-08 7.644E-08 7.278E-08 6.682E-08 6.200E-08 5.781E-08
 5.368E-08
--------------------------------------------------------------------------------
