    2 /SVREF=7.706E-08 /SPEC=HE /DATE=06.12.91 /CODE=TAVG
--------------------------------------------------------------------------------
   11   10 /TREF=5.000E+03
--------------------------------------------------------------------------------
 5.000E+03 1.000E+04 2.000E+04 3.000E+04 4.000E+04 5.000E+04 7.000E+04 1.000E+05
 1.200E+05 1.500E+05 2.000E+05
 1.000E+12 2.000E+12 5.000E+12 1.000E+13 2.000E+13 5.000E+13 1.000E+14 2.000E+14
 5.000E+14 1.000E+15
--------------------------------------------------------------------------------
 2.914E-08 3.627E-08 5.037E-08 6.235E-08 7.110E-08 7.706E-08 8.419E-08 8.934E-08
 9.081E-08 9.151E-08 9.019E-08
 2.914E-08 3.627E-08 5.037E-08 6.235E-08 7.110E-08 7.706E-08 8.419E-08 8.934E-08
 9.081E-08 9.151E-08 9.019E-08
 2.914E-08 3.627E-08 5.037E-08 6.235E-08 7.110E-08 7.706E-08 8.419E-08 8.934E-08
 9.081E-08 9.151E-08 9.019E-08
 2.914E-08 3.627E-08 5.037E-08 6.235E-08 7.110E-08 7.706E-08 8.419E-08 8.934E-08
 9.081E-08 9.151E-08 9.019E-08
 2.914E-08 3.627E-08 5.037E-08 6.235E-08 7.110E-08 7.706E-08 8.419E-08 8.934E-08
 9.081E-08 9.151E-08 9.019E-08
 2.914E-08 3.627E-08 5.037E-08 6.235E-08 7.110E-08 7.706E-08 8.419E-08 8.934E-08
 9.081E-08 9.151E-08 9.019E-08
 2.914E-08 3.627E-08 5.037E-08 6.235E-08 7.110E-08 7.706E-08 8.419E-08 8.934E-08
 9.081E-08 9.151E-08 9.019E-08
 2.914E-08 3.627E-08 5.037E-08 6.235E-08 7.110E-08 7.706E-08 8.419E-08 8.934E-08
 9.081E-08 9.151E-08 9.019E-08
 2.914E-08 3.627E-08 5.037E-08 6.235E-08 7.110E-08 7.706E-08 8.419E-08 8.934E-08
 9.081E-08 9.151E-08 9.019E-08
 2.914E-08 3.627E-08 5.037E-08 6.235E-08 7.110E-08 7.706E-08 8.419E-08 8.934E-08
 9.081E-08 9.151E-08 9.019E-08
--------------------------------------------------------------------------------
    9 /EREF=5.000E+04 /NREF=5.000E+13
--------------------------------------------------------------------------------
 1.000E+02 2.000E+02 5.000E+02 1.000E+03 2.000E+03 5.000E+03 1.000E+04 2.000E+04
 5.000E+04
--------------------------------------------------------------------------------
 8.211E-08 8.670E-08 8.740E-08 8.514E-08 8.182E-08 7.706E-08 7.375E-08 7.116E-08
 6.917E-08
--------------------------------------------------------------------------------
