   10 /SVREF=1.211E-07 /SPEC=NE /DATE=06.12.91 /CODE=TAVG
--------------------------------------------------------------------------------
   11   10 /TREF=5.000E+03
--------------------------------------------------------------------------------
 5.000E+03 1.000E+04 2.000E+04 3.000E+04 4.000E+04 5.000E+04 7.000E+04 1.000E+05
 1.200E+05 1.500E+05 2.000E+05
 1.000E+12 2.000E+12 5.000E+12 1.000E+13 2.000E+13 5.000E+13 1.000E+14 2.000E+14
 5.000E+14 1.000E+15
--------------------------------------------------------------------------------
 4.956E-08 6.201E-08 8.308E-08 9.952E-08 1.121E-07 1.211E-07 1.366E-07 1.555E-07
 1.648E-07 1.766E-07 1.918E-07
 4.956E-08 6.201E-08 8.308E-08 9.952E-08 1.121E-07 1.211E-07 1.366E-07 1.555E-07
 1.648E-07 1.766E-07 1.918E-07
 4.956E-08 6.201E-08 8.308E-08 9.952E-08 1.121E-07 1.211E-07 1.366E-07 1.555E-07
 1.648E-07 1.766E-07 1.918E-07
 4.956E-08 6.201E-08 8.308E-08 9.952E-08 1.121E-07 1.211E-07 1.366E-07 1.555E-07
 1.648E-07 1.766E-07 1.918E-07
 4.956E-08 6.201E-08 8.308E-08 9.952E-08 1.121E-07 1.211E-07 1.366E-07 1.555E-07
 1.648E-07 1.766E-07 1.918E-07
 4.956E-08 6.201E-08 8.308E-08 9.952E-08 1.121E-07 1.211E-07 1.366E-07 1.555E-07
 1.648E-07 1.766E-07 1.918E-07
 4.956E-08 6.201E-08 8.308E-08 9.952E-08 1.121E-07 1.211E-07 1.366E-07 1.555E-07
 1.648E-07 1.766E-07 1.918E-07
 4.956E-08 6.201E-08 8.308E-08 9.952E-08 1.121E-07 1.211E-07 1.366E-07 1.555E-07
 1.648E-07 1.766E-07 1.918E-07
 4.956E-08 6.201E-08 8.308E-08 9.952E-08 1.121E-07 1.211E-07 1.366E-07 1.555E-07
 1.648E-07 1.766E-07 1.918E-07
 4.956E-08 6.201E-08 8.308E-08 9.952E-08 1.121E-07 1.211E-07 1.366E-07 1.555E-07
 1.648E-07 1.766E-07 1.918E-07
--------------------------------------------------------------------------------
    9 /EREF=5.000E+04 /NREF=5.000E+13
--------------------------------------------------------------------------------
 1.000E+02 2.000E+02 5.000E+02 1.000E+03 2.000E+03 5.000E+03 1.000E+04 2.000E+04
 5.000E+04
--------------------------------------------------------------------------------
 1.255E-07 1.301E-07 1.309E-07 1.287E-07 1.255E-07 1.211E-07 1.181E-07 1.160E-07
 1.145E-07
--------------------------------------------------------------------------------
