    7 /SVREF=1.100E-07 /SPEC=N  /DATE=06.12.91 /CODE=TAVG
--------------------------------------------------------------------------------
   11   10 /TREF=5.000E+03
--------------------------------------------------------------------------------
 5.000E+03 1.000E+04 2.000E+04 3.000E+04 4.000E+04 5.000E+04 7.000E+04 1.000E+05
 1.200E+05 1.500E+05 2.000E+05
 1.000E+12 2.000E+12 5.000E+12 1.000E+13 2.000E+13 5.000E+13 1.000E+14 2.000E+14
 5.000E+14 1.000E+15
--------------------------------------------------------------------------------
 4.772E-08 6.234E-08 8.193E-08 9.477E-08 1.036E-07 1.100E-07 1.188E-07 1.289E-07
 1.332E-07 1.385E-07 1.471E-07
 4.772E-08 6.234E-08 8.193E-08 9.477E-08 1.036E-07 1.100E-07 1.188E-07 1.289E-07
 1.332E-07 1.385E-07 1.471E-07
 4.772E-08 6.234E-08 8.193E-08 9.477E-08 1.036E-07 1.100E-07 1.188E-07 1.289E-07
 1.332E-07 1.385E-07 1.471E-07
 4.772E-08 6.234E-08 8.193E-08 9.477E-08 1.036E-07 1.100E-07 1.188E-07 1.289E-07
 1.332E-07 1.385E-07 1.471E-07
 4.772E-08 6.234E-08 8.193E-08 9.477E-08 1.036E-07 1.100E-07 1.188E-07 1.289E-07
 1.332E-07 1.385E-07 1.471E-07
 4.772E-08 6.234E-08 8.193E-08 9.477E-08 1.036E-07 1.100E-07 1.188E-07 1.289E-07
 1.332E-07 1.385E-07 1.471E-07
 4.772E-08 6.234E-08 8.193E-08 9.477E-08 1.036E-07 1.100E-07 1.188E-07 1.289E-07
 1.332E-07 1.385E-07 1.471E-07
 4.772E-08 6.234E-08 8.193E-08 9.477E-08 1.036E-07 1.100E-07 1.188E-07 1.289E-07
 1.332E-07 1.385E-07 1.471E-07
 4.772E-08 6.234E-08 8.193E-08 9.477E-08 1.036E-07 1.100E-07 1.188E-07 1.289E-07
 1.332E-07 1.385E-07 1.471E-07
 4.772E-08 6.234E-08 8.193E-08 9.477E-08 1.036E-07 1.100E-07 1.188E-07 1.289E-07
 1.332E-07 1.385E-07 1.471E-07
--------------------------------------------------------------------------------
    9 /EREF=5.000E+04 /NREF=5.000E+13
--------------------------------------------------------------------------------
 1.000E+02 2.000E+02 5.000E+02 1.000E+03 2.000E+03 5.000E+03 1.000E+04 2.000E+04
 5.000E+04
--------------------------------------------------------------------------------
 1.149E-07 1.195E-07 1.202E-07 1.180E-07 1.147E-07 1.100E-07 1.069E-07 1.044E-07
 1.023E-07
--------------------------------------------------------------------------------
