    8 /SVREF=1.165E-07 /SPEC=O  /DATE=06.12.91 /CODE=TAVG
--------------------------------------------------------------------------------
   11   10 /TREF=5.000E+03
--------------------------------------------------------------------------------
 5.000E+03 1.000E+04 2.000E+04 3.000E+04 4.000E+04 5.000E+04 7.000E+04 1.000E+05
 1.200E+05 1.500E+05 2.000E+05
 1.000E+12 2.000E+12 5.000E+12 1.000E+13 2.000E+13 5.000E+13 1.000E+14 2.000E+14
 5.000E+14 1.000E+15
--------------------------------------------------------------------------------
 4.891E-08 6.195E-08 8.152E-08 9.625E-08 1.074E-07 1.165E-07 1.298E-07 1.445E-07
 1.480E-07 1.512E-07 1.578E-07
 4.891E-08 6.195E-08 8.152E-08 9.625E-08 1.074E-07 1.165E-07 1.298E-07 1.445E-07
 1.480E-07 1.512E-07 1.578E-07
 4.891E-08 6.195E-08 8.152E-08 9.625E-08 1.074E-07 1.165E-07 1.298E-07 1.445E-07
 1.480E-07 1.512E-07 1.578E-07
 4.891E-08 6.195E-08 8.152E-08 9.625E-08 1.074E-07 1.165E-07 1.298E-07 1.445E-07
 1.480E-07 1.512E-07 1.578E-07
 4.891E-08 6.195E-08 8.152E-08 9.625E-08 1.074E-07 1.165E-07 1.298E-07 1.445E-07
 1.480E-07 1.512E-07 1.578E-07
 4.891E-08 6.195E-08 8.152E-08 9.625E-08 1.074E-07 1.165E-07 1.298E-07 1.445E-07
 1.480E-07 1.512E-07 1.578E-07
 4.891E-08 6.195E-08 8.152E-08 9.625E-08 1.074E-07 1.165E-07 1.298E-07 1.445E-07
 1.480E-07 1.512E-07 1.578E-07
 4.891E-08 6.195E-08 8.152E-08 9.625E-08 1.074E-07 1.165E-07 1.298E-07 1.445E-07
 1.480E-07 1.512E-07 1.578E-07
 4.891E-08 6.195E-08 8.152E-08 9.625E-08 1.074E-07 1.165E-07 1.298E-07 1.445E-07
 1.480E-07 1.512E-07 1.578E-07
 4.891E-08 6.195E-08 8.152E-08 9.625E-08 1.074E-07 1.165E-07 1.298E-07 1.445E-07
 1.480E-07 1.512E-07 1.578E-07
--------------------------------------------------------------------------------
    9 /EREF=5.000E+04 /NREF=5.000E+13
--------------------------------------------------------------------------------
 1.000E+02 2.000E+02 5.000E+02 1.000E+03 2.000E+03 5.000E+03 1.000E+04 2.000E+04
 5.000E+04
--------------------------------------------------------------------------------
 1.213E-07 1.259E-07 1.266E-07 1.243E-07 1.211E-07 1.165E-07 1.134E-07 1.111E-07
 1.095E-07
--------------------------------------------------------------------------------
