   20
ADAS309 23/02/94 D=H(1S)    R= H+1  N= 2-1  F=OLD#H1  M=CX     ISEL= 1
  1.09E-08                                                     QEFREF
  4.00E+04  5.00E+03  2.50E+13  2.00E+00  3.00E+00             PARMREF
        21        12        17        12         1             NPARMSC
  1.00E+03  1.50E+03  2.00E+03  3.00E+03  5.00E+03  7.00E+03   ENER
  1.00E+04  1.50E+04  2.00E+04  3.00E+04  4.00E+04  5.00E+04
  6.00E+04  7.00E+04  1.00E+05  1.50E+05  2.00E+05  3.00E+05
  5.00E+05  7.00E+05  1.00E+06  0.00E+00  0.00E+00  0.00E+00
  9.43E-10  1.30E-09  1.57E-09  2.21E-09  3.40E-09  5.23E-09   QENER
  7.96E-09  1.14E-08  1.34E-08  1.38E-08  1.09E-08  7.81E-09
  5.36E-09  3.77E-09  1.43E-09  3.91E-10  1.14E-10  1.92E-11
  1.95E-12  4.40E-13  8.74E-14  0.00E+00  0.00E+00  0.00E+00
  1.00E+03  2.00E+03  3.00E+03  5.00E+03  7.00E+03  1.00E+04   TIEV
  1.30E+04  1.60E+04  1.90E+04  2.20E+04  2.50E+04  3.00E+04
  1.09E-08  1.09E-08  1.09E-08  1.09E-08  1.09E-08  1.09E-08   QTIEV
  1.09E-08  1.09E-08  1.09E-08  1.09E-08  1.09E-08  1.09E-08
  1.00E+11  2.00E+11  3.00E+11  5.00E+11  7.00E+11  1.00E+12   DENSI
  2.00E+12  3.00E+12  5.00E+12  7.00E+12  1.00E+13  2.00E+13
  2.50E+13  3.00E+13  5.00E+13  7.00E+13  1.00E+14  0.00E+00
  0.00E+00  0.00E+00  0.00E+00  0.00E+00  0.00E+00  0.00E+00
  1.08E-08  1.08E-08  1.08E-08  1.08E-08  1.08E-08  1.09E-08   QDENSI
  1.09E-08  1.09E-08  1.09E-08  1.09E-08  1.09E-08  1.09E-08
  1.09E-08  1.09E-08  1.09E-08  1.09E-08  1.09E-08  0.00E+00
  0.00E+00  0.00E+00  0.00E+00  0.00E+00  0.00E+00  0.00E+00
  1.00E+00  1.20E+00  1.50E+00  1.70E+00  2.00E+00  2.50E+00   ZEFF
  3.00E+00  3.50E+00  4.00E+00  4.50E+00  5.00E+00  6.00E+00
  1.09E-08  1.09E-08  1.09E-08  1.09E-08  1.09E-08  1.09E-08   QZEFF
  1.09E-08  1.09E-08  1.09E-08  1.09E-08  1.09E-08  1.09E-08
  3.00E+00  0.00E+00  0.00E+00  0.00E+00  0.00E+00  0.00E+00   BMAG
  0.00E+00  0.00E+00  0.00E+00  0.00E+00  0.00E+00  0.00E+00
  1.09E-08  0.00E+00  0.00E+00  0.00E+00  0.00E+00  0.00E+00   QBMAG
  0.00E+00  0.00E+00  0.00E+00  0.00E+00  0.00E+00  0.00E+00
ADAS309 23/02/94 D=H(1S)    R= H+1  N= 3-2  F=OLD#H1  M=CX     ISEL= 2
  1.52E-09                                                     QEFREF
  4.00E+04  5.00E+03  2.50E+13  2.00E+00  3.00E+00             PARMREF
        21        12        17        12         1             NPARMSC
  1.00E+03  1.50E+03  2.00E+03  3.00E+03  5.00E+03  7.00E+03   ENER
  1.00E+04  1.50E+04  2.00E+04  3.00E+04  4.00E+04  5.00E+04
  6.00E+04  7.00E+04  1.00E+05  1.50E+05  2.00E+05  3.00E+05
  5.00E+05  7.00E+05  1.00E+06  0.00E+00  0.00E+00  0.00E+00
  8.41E-12  1.68E-11  2.76E-11  6.09E-11  1.55E-10  3.18E-10   QENER
  6.22E-10  1.12E-09  1.57E-09  1.79E-09  1.52E-09  1.14E-09
  7.96E-10  5.67E-10  2.23E-10  6.07E-11  1.77E-11  2.87E-12
  2.77E-13  6.27E-14  1.22E-14  0.00E+00  0.00E+00  0.00E+00
  1.00E+03  2.00E+03  3.00E+03  5.00E+03  7.00E+03  1.00E+04   TIEV
  1.30E+04  1.60E+04  1.90E+04  2.20E+04  2.50E+04  3.00E+04
  1.52E-09  1.52E-09  1.52E-09  1.52E-09  1.52E-09  1.52E-09   QTIEV
  1.52E-09  1.52E-09  1.52E-09  1.52E-09  1.51E-09  1.51E-09
  1.00E+11  2.00E+11  3.00E+11  5.00E+11  7.00E+11  1.00E+12   DENSI
  2.00E+12  3.00E+12  5.00E+12  7.00E+12  1.00E+13  2.00E+13
  2.50E+13  3.00E+13  5.00E+13  7.00E+13  1.00E+14  0.00E+00
  0.00E+00  0.00E+00  0.00E+00  0.00E+00  0.00E+00  0.00E+00
  1.38E-09  1.40E-09  1.41E-09  1.43E-09  1.44E-09  1.46E-09   QDENSI
  1.48E-09  1.49E-09  1.50E-09  1.51E-09  1.51E-09  1.52E-09
  1.52E-09  1.52E-09  1.52E-09  1.52E-09  1.52E-09  0.00E+00
  0.00E+00  0.00E+00  0.00E+00  0.00E+00  0.00E+00  0.00E+00
  1.00E+00  1.20E+00  1.50E+00  1.70E+00  2.00E+00  2.50E+00   ZEFF
  3.00E+00  3.50E+00  4.00E+00  4.50E+00  5.00E+00  6.00E+00
  1.51E-09  1.51E-09  1.51E-09  1.51E-09  1.52E-09  1.52E-09   QZEFF
  1.52E-09  1.52E-09  1.52E-09  1.52E-09  1.52E-09  1.52E-09
  3.00E+00  0.00E+00  0.00E+00  0.00E+00  0.00E+00  0.00E+00   BMAG
  0.00E+00  0.00E+00  0.00E+00  0.00E+00  0.00E+00  0.00E+00
  1.52E-09  0.00E+00  0.00E+00  0.00E+00  0.00E+00  0.00E+00   QBMAG
  0.00E+00  0.00E+00  0.00E+00  0.00E+00  0.00E+00  0.00E+00
ADAS309 23/02/94 D=H(1S)    R= H+1  N= 4-3  F=OLD#H1  M=CX     ISEL= 3
  4.42E-10                                                     QEFREF
  4.00E+04  5.00E+03  2.50E+13  2.00E+00  3.00E+00             PARMREF
        21        12        17        12         1             NPARMSC
  1.00E+03  1.50E+03  2.00E+03  3.00E+03  5.00E+03  7.00E+03   ENER
  1.00E+04  1.50E+04  2.00E+04  3.00E+04  4.00E+04  5.00E+04
  6.00E+04  7.00E+04  1.00E+05  1.50E+05  2.00E+05  3.00E+05
  5.00E+05  7.00E+05  1.00E+06  0.00E+00  0.00E+00  0.00E+00
  3.56E-13  9.25E-13  1.89E-12  5.71E-12  2.10E-11  5.25E-11   QENER
  1.24E-10  2.59E-10  4.00E-10  4.97E-10  4.42E-10  3.41E-10
  2.41E-10  1.73E-10  6.78E-11  1.85E-11  5.29E-12  8.47E-13
  8.07E-14  1.81E-14  3.51E-15  0.00E+00  0.00E+00  0.00E+00
  1.00E+03  2.00E+03  3.00E+03  5.00E+03  7.00E+03  1.00E+04   TIEV
  1.30E+04  1.60E+04  1.90E+04  2.20E+04  2.50E+04  3.00E+04
  4.42E-10  4.42E-10  4.42E-10  4.42E-10  4.42E-10  4.42E-10   QTIEV
  4.42E-10  4.42E-10  4.42E-10  4.42E-10  4.42E-10  4.42E-10
  1.00E+11  2.00E+11  3.00E+11  5.00E+11  7.00E+11  1.00E+12   DENSI
  2.00E+12  3.00E+12  5.00E+12  7.00E+12  1.00E+13  2.00E+13
  2.50E+13  3.00E+13  5.00E+13  7.00E+13  1.00E+14  0.00E+00
  0.00E+00  0.00E+00  0.00E+00  0.00E+00  0.00E+00  0.00E+00
  4.28E-10  4.30E-10  4.32E-10  4.34E-10  4.35E-10  4.37E-10   QDENSI
  4.39E-10  4.40E-10  4.41E-10  4.41E-10  4.42E-10  4.42E-10
  4.42E-10  4.42E-10  4.42E-10  4.42E-10  4.42E-10  0.00E+00
  0.00E+00  0.00E+00  0.00E+00  0.00E+00  0.00E+00  0.00E+00
  1.00E+00  1.20E+00  1.50E+00  1.70E+00  2.00E+00  2.50E+00   ZEFF
  3.00E+00  3.50E+00  4.00E+00  4.50E+00  5.00E+00  6.00E+00
  4.41E-10  4.41E-10  4.41E-10  4.41E-10  4.42E-10  4.42E-10   QZEFF
  4.42E-10  4.42E-10  4.42E-10  4.42E-10  4.42E-10  4.42E-10
  3.00E+00  0.00E+00  0.00E+00  0.00E+00  0.00E+00  0.00E+00   BMAG
  0.00E+00  0.00E+00  0.00E+00  0.00E+00  0.00E+00  0.00E+00
  4.42E-10  0.00E+00  0.00E+00  0.00E+00  0.00E+00  0.00E+00   QBMAG
  0.00E+00  0.00E+00  0.00E+00  0.00E+00  0.00E+00  0.00E+00
ADAS309 23/02/94 D=H(1S)    R= H+1  N= 5-4  F=OLD#H1  M=CX     ISEL= 4
  1.81E-10                                                     QEFREF
  4.00E+04  5.00E+03  2.50E+13  2.00E+00  3.00E+00             PARMREF
        21        12        17        12         1             NPARMSC
  1.00E+03  1.50E+03  2.00E+03  3.00E+03  5.00E+03  7.00E+03   ENER
  1.00E+04  1.50E+04  2.00E+04  3.00E+04  4.00E+04  5.00E+04
  6.00E+04  7.00E+04  1.00E+05  1.50E+05  2.00E+05  3.00E+05
  5.00E+05  7.00E+05  1.00E+06  0.00E+00  0.00E+00  0.00E+00
  3.28E-14  1.04E-13  2.51E-13  9.74E-13  4.73E-12  1.38E-11   QENER
  3.74E-11  8.84E-11  1.47E-10  1.96E-10  1.81E-10  1.41E-10
  1.01E-10  7.31E-11  2.86E-11  7.78E-12  2.21E-12  3.50E-13
  3.30E-14  7.36E-15  1.42E-15  0.00E+00  0.00E+00  0.00E+00
  1.00E+03  2.00E+03  3.00E+03  5.00E+03  7.00E+03  1.00E+04   TIEV
  1.30E+04  1.60E+04  1.90E+04  2.20E+04  2.50E+04  3.00E+04
  1.81E-10  1.81E-10  1.81E-10  1.81E-10  1.81E-10  1.81E-10   QTIEV
  1.81E-10  1.81E-10  1.81E-10  1.81E-10  1.81E-10  1.81E-10
  1.00E+11  2.00E+11  3.00E+11  5.00E+11  7.00E+11  1.00E+12   DENSI
  2.00E+12  3.00E+12  5.00E+12  7.00E+12  1.00E+13  2.00E+13
  2.50E+13  3.00E+13  5.00E+13  7.00E+13  1.00E+14  0.00E+00
  0.00E+00  0.00E+00  0.00E+00  0.00E+00  0.00E+00  0.00E+00
  1.79E-10  1.79E-10  1.79E-10  1.80E-10  1.80E-10  1.80E-10   QDENSI
  1.80E-10  1.80E-10  1.80E-10  1.81E-10  1.81E-10  1.81E-10
  1.81E-10  1.81E-10  1.81E-10  1.81E-10  1.81E-10  0.00E+00
  0.00E+00  0.00E+00  0.00E+00  0.00E+00  0.00E+00  0.00E+00
  1.00E+00  1.20E+00  1.50E+00  1.70E+00  2.00E+00  2.50E+00   ZEFF
  3.00E+00  3.50E+00  4.00E+00  4.50E+00  5.00E+00  6.00E+00
  1.81E-10  1.81E-10  1.81E-10  1.81E-10  1.81E-10  1.81E-10   QZEFF
  1.81E-10  1.81E-10  1.81E-10  1.81E-10  1.81E-10  1.81E-10
  3.00E+00  0.00E+00  0.00E+00  0.00E+00  0.00E+00  0.00E+00   BMAG
  0.00E+00  0.00E+00  0.00E+00  0.00E+00  0.00E+00  0.00E+00
  1.81E-10  0.00E+00  0.00E+00  0.00E+00  0.00E+00  0.00E+00   QBMAG
  0.00E+00  0.00E+00  0.00E+00  0.00E+00  0.00E+00  0.00E+00
ADAS309 23/02/94 D=H(1S)    R= H+1  N= 6-5  F=OLD#H1  M=CX     ISEL= 5
  8.93E-11                                                     QEFREF
  4.00E+04  5.00E+03  2.50E+13  2.00E+00  3.00E+00             PARMREF
        21        12        17        12         1             NPARMSC
  1.00E+03  1.50E+03  2.00E+03  3.00E+03  5.00E+03  7.00E+03   ENER
  1.00E+04  1.50E+04  2.00E+04  3.00E+04  4.00E+04  5.00E+04
  6.00E+04  7.00E+04  1.00E+05  1.50E+05  2.00E+05  3.00E+05
  5.00E+05  7.00E+05  1.00E+06  0.00E+00  0.00E+00  0.00E+00
  4.81E-15  1.80E-14  4.99E-14  2.36E-13  1.44E-12  4.79E-12   QENER
  1.45E-11  3.78E-11  6.64E-11  9.41E-11  8.93E-11  7.08E-11
  5.13E-11  3.71E-11  1.45E-11  3.95E-12  1.11E-12  1.75E-13
  1.63E-14  3.62E-15  6.96E-16  0.00E+00  0.00E+00  0.00E+00
  1.00E+03  2.00E+03  3.00E+03  5.00E+03  7.00E+03  1.00E+04   TIEV
  1.30E+04  1.60E+04  1.90E+04  2.20E+04  2.50E+04  3.00E+04
  8.93E-11  8.93E-11  8.93E-11  8.93E-11  8.93E-11  8.93E-11   QTIEV
  8.93E-11  8.93E-11  8.93E-11  8.93E-11  8.93E-11  8.93E-11
  1.00E+11  2.00E+11  3.00E+11  5.00E+11  7.00E+11  1.00E+12   DENSI
  2.00E+12  3.00E+12  5.00E+12  7.00E+12  1.00E+13  2.00E+13
  2.50E+13  3.00E+13  5.00E+13  7.00E+13  1.00E+14  0.00E+00
  0.00E+00  0.00E+00  0.00E+00  0.00E+00  0.00E+00  0.00E+00
  8.90E-11  8.90E-11  8.91E-11  8.91E-11  8.92E-11  8.92E-11   QDENSI
  8.93E-11  8.93E-11  8.93E-11  8.93E-11  8.93E-11  8.93E-11
  8.93E-11  8.93E-11  8.93E-11  8.93E-11  8.93E-11  0.00E+00
  0.00E+00  0.00E+00  0.00E+00  0.00E+00  0.00E+00  0.00E+00
  1.00E+00  1.20E+00  1.50E+00  1.70E+00  2.00E+00  2.50E+00   ZEFF
  3.00E+00  3.50E+00  4.00E+00  4.50E+00  5.00E+00  6.00E+00
  8.93E-11  8.93E-11  8.93E-11  8.93E-11  8.93E-11  8.93E-11   QZEFF
  8.93E-11  8.93E-11  8.93E-11  8.93E-11  8.93E-11  8.93E-11
  3.00E+00  0.00E+00  0.00E+00  0.00E+00  0.00E+00  0.00E+00   BMAG
  0.00E+00  0.00E+00  0.00E+00  0.00E+00  0.00E+00  0.00E+00
  8.93E-11  0.00E+00  0.00E+00  0.00E+00  0.00E+00  0.00E+00   QBMAG
  0.00E+00  0.00E+00  0.00E+00  0.00E+00  0.00E+00  0.00E+00
ADAS309 23/02/94 D=H(1S)    R= H+1  N= 3-1  F=OLD#H1  M=CX     ISEL= 6
  1.93E-09                                                     QEFREF
  4.00E+04  5.00E+03  2.50E+13  2.00E+00  3.00E+00             PARMREF
        21        12        17        12         1             NPARMSC
  1.00E+03  1.50E+03  2.00E+03  3.00E+03  5.00E+03  7.00E+03   ENER
  1.00E+04  1.50E+04  2.00E+04  3.00E+04  4.00E+04  5.00E+04
  6.00E+04  7.00E+04  1.00E+05  1.50E+05  2.00E+05  3.00E+05
  5.00E+05  7.00E+05  1.00E+06  0.00E+00  0.00E+00  0.00E+00
  1.06E-11  2.13E-11  3.49E-11  7.71E-11  1.97E-10  4.03E-10   QENER
  7.90E-10  1.42E-09  2.00E-09  2.28E-09  1.93E-09  1.45E-09
  1.01E-09  7.20E-10  2.83E-10  7.71E-11  2.25E-11  3.65E-12
  3.52E-13  7.97E-14  1.55E-14  0.00E+00  0.00E+00  0.00E+00
  1.00E+03  2.00E+03  3.00E+03  5.00E+03  7.00E+03  1.00E+04   TIEV
  1.30E+04  1.60E+04  1.90E+04  2.20E+04  2.50E+04  3.00E+04
  1.93E-09  1.93E-09  1.93E-09  1.93E-09  1.93E-09  1.93E-09   QTIEV
  1.93E-09  1.93E-09  1.93E-09  1.93E-09  1.93E-09  1.93E-09
  1.00E+11  2.00E+11  3.00E+11  5.00E+11  7.00E+11  1.00E+12   DENSI
  2.00E+12  3.00E+12  5.00E+12  7.00E+12  1.00E+13  2.00E+13
  2.50E+13  3.00E+13  5.00E+13  7.00E+13  1.00E+14  0.00E+00
  0.00E+00  0.00E+00  0.00E+00  0.00E+00  0.00E+00  0.00E+00
  2.05E-09  2.04E-09  2.02E-09  2.01E-09  2.00E-09  1.98E-09   QDENSI
  1.96E-09  1.95E-09  1.94E-09  1.94E-09  1.93E-09  1.93E-09
  1.93E-09  1.93E-09  1.93E-09  1.93E-09  1.93E-09  0.00E+00
  0.00E+00  0.00E+00  0.00E+00  0.00E+00  0.00E+00  0.00E+00
  1.00E+00  1.20E+00  1.50E+00  1.70E+00  2.00E+00  2.50E+00   ZEFF
  3.00E+00  3.50E+00  4.00E+00  4.50E+00  5.00E+00  6.00E+00
  1.94E-09  1.94E-09  1.94E-09  1.94E-09  1.93E-09  1.93E-09   QZEFF
  1.93E-09  1.93E-09  1.93E-09  1.93E-09  1.93E-09  1.93E-09
  3.00E+00  0.00E+00  0.00E+00  0.00E+00  0.00E+00  0.00E+00   BMAG
  0.00E+00  0.00E+00  0.00E+00  0.00E+00  0.00E+00  0.00E+00
  1.93E-09  0.00E+00  0.00E+00  0.00E+00  0.00E+00  0.00E+00   QBMAG
  0.00E+00  0.00E+00  0.00E+00  0.00E+00  0.00E+00  0.00E+00
ADAS309 23/02/94 D=H(1S)    R= H+1  N= 4-2  F=OLD#H1  M=CX     ISEL= 7
  4.14E-10                                                     QEFREF
  4.00E+04  5.00E+03  2.50E+13  2.00E+00  3.00E+00             PARMREF
        21        12        17        12         1             NPARMSC
  1.00E+03  1.50E+03  2.00E+03  3.00E+03  5.00E+03  7.00E+03   ENER
  1.00E+04  1.50E+04  2.00E+04  3.00E+04  4.00E+04  5.00E+04
  6.00E+04  7.00E+04  1.00E+05  1.50E+05  2.00E+05  3.00E+05
  5.00E+05  7.00E+05  1.00E+06  0.00E+00  0.00E+00  0.00E+00
  3.34E-13  8.67E-13  1.77E-12  5.35E-12  1.97E-11  4.92E-11   QENER
  1.16E-10  2.43E-10  3.75E-10  4.66E-10  4.14E-10  3.19E-10
  2.25E-10  1.62E-10  6.36E-11  1.73E-11  4.96E-12  7.94E-13
  7.57E-14  1.70E-14  3.29E-15  0.00E+00  0.00E+00  0.00E+00
  1.00E+03  2.00E+03  3.00E+03  5.00E+03  7.00E+03  1.00E+04   TIEV
  1.30E+04  1.60E+04  1.90E+04  2.20E+04  2.50E+04  3.00E+04
  4.14E-10  4.14E-10  4.14E-10  4.14E-10  4.14E-10  4.14E-10   QTIEV
  4.14E-10  4.14E-10  4.14E-10  4.14E-10  4.14E-10  4.14E-10
  1.00E+11  2.00E+11  3.00E+11  5.00E+11  7.00E+11  1.00E+12   DENSI
  2.00E+12  3.00E+12  5.00E+12  7.00E+12  1.00E+13  2.00E+13
  2.50E+13  3.00E+13  5.00E+13  7.00E+13  1.00E+14  0.00E+00
  0.00E+00  0.00E+00  0.00E+00  0.00E+00  0.00E+00  0.00E+00
  4.10E-10  4.11E-10  4.11E-10  4.12E-10  4.12E-10  4.13E-10   QDENSI
  4.13E-10  4.14E-10  4.14E-10  4.14E-10  4.14E-10  4.14E-10
  4.14E-10  4.14E-10  4.14E-10  4.14E-10  4.14E-10  0.00E+00
  0.00E+00  0.00E+00  0.00E+00  0.00E+00  0.00E+00  0.00E+00
  1.00E+00  1.20E+00  1.50E+00  1.70E+00  2.00E+00  2.50E+00   ZEFF
  3.00E+00  3.50E+00  4.00E+00  4.50E+00  5.00E+00  6.00E+00
  4.14E-10  4.14E-10  4.14E-10  4.14E-10  4.14E-10  4.14E-10   QZEFF
  4.14E-10  4.14E-10  4.14E-10  4.14E-10  4.14E-10  4.14E-10
  3.00E+00  0.00E+00  0.00E+00  0.00E+00  0.00E+00  0.00E+00   BMAG
  0.00E+00  0.00E+00  0.00E+00  0.00E+00  0.00E+00  0.00E+00
  4.14E-10  0.00E+00  0.00E+00  0.00E+00  0.00E+00  0.00E+00   QBMAG
  0.00E+00  0.00E+00  0.00E+00  0.00E+00  0.00E+00  0.00E+00
ADAS309 23/02/94 D=H(1S)    R= H+1  N= 5-3  F=OLD#H1  M=CX     ISEL= 8
  1.47E-10                                                     QEFREF
  4.00E+04  5.00E+03  2.50E+13  2.00E+00  3.00E+00             PARMREF
        21        12        17        12         1             NPARMSC
  1.00E+03  1.50E+03  2.00E+03  3.00E+03  5.00E+03  7.00E+03   ENER
  1.00E+04  1.50E+04  2.00E+04  3.00E+04  4.00E+04  5.00E+04
  6.00E+04  7.00E+04  1.00E+05  1.50E+05  2.00E+05  3.00E+05
  5.00E+05  7.00E+05  1.00E+06  0.00E+00  0.00E+00  0.00E+00
  2.67E-14  8.49E-14  2.05E-13  7.94E-13  3.86E-12  1.13E-11   QENER
  3.05E-11  7.21E-11  1.19E-10  1.60E-10  1.47E-10  1.15E-10
  8.26E-11  5.96E-11  2.33E-11  6.34E-12  1.80E-12  2.85E-13
  2.69E-14  6.00E-15  1.16E-15  0.00E+00  0.00E+00  0.00E+00
  1.00E+03  2.00E+03  3.00E+03  5.00E+03  7.00E+03  1.00E+04   TIEV
  1.30E+04  1.60E+04  1.90E+04  2.20E+04  2.50E+04  3.00E+04
  1.47E-10  1.47E-10  1.47E-10  1.47E-10  1.47E-10  1.47E-10   QTIEV
  1.47E-10  1.47E-10  1.47E-10  1.47E-10  1.47E-10  1.47E-10
  1.00E+11  2.00E+11  3.00E+11  5.00E+11  7.00E+11  1.00E+12   DENSI
  2.00E+12  3.00E+12  5.00E+12  7.00E+12  1.00E+13  2.00E+13
  2.50E+13  3.00E+13  5.00E+13  7.00E+13  1.00E+14  0.00E+00
  0.00E+00  0.00E+00  0.00E+00  0.00E+00  0.00E+00  0.00E+00
  1.46E-10  1.47E-10  1.47E-10  1.47E-10  1.47E-10  1.47E-10   QDENSI
  1.47E-10  1.47E-10  1.47E-10  1.47E-10  1.47E-10  1.47E-10
  1.47E-10  1.47E-10  1.47E-10  1.47E-10  1.47E-10  0.00E+00
  0.00E+00  0.00E+00  0.00E+00  0.00E+00  0.00E+00  0.00E+00
  1.00E+00  1.20E+00  1.50E+00  1.70E+00  2.00E+00  2.50E+00   ZEFF
  3.00E+00  3.50E+00  4.00E+00  4.50E+00  5.00E+00  6.00E+00
  1.47E-10  1.47E-10  1.47E-10  1.47E-10  1.47E-10  1.47E-10   QZEFF
  1.47E-10  1.47E-10  1.47E-10  1.47E-10  1.47E-10  1.47E-10
  3.00E+00  0.00E+00  0.00E+00  0.00E+00  0.00E+00  0.00E+00   BMAG
  0.00E+00  0.00E+00  0.00E+00  0.00E+00  0.00E+00  0.00E+00
  1.47E-10  0.00E+00  0.00E+00  0.00E+00  0.00E+00  0.00E+00   QBMAG
  0.00E+00  0.00E+00  0.00E+00  0.00E+00  0.00E+00  0.00E+00
ADAS309 23/02/94 D=H(1S)    R= H+1  N= 6-4  F=OLD#H1  M=CX     ISEL= 9
  6.72E-11                                                     QEFREF
  4.00E+04  5.00E+03  2.50E+13  2.00E+00  3.00E+00             PARMREF
        21        12        17        12         1             NPARMSC
  1.00E+03  1.50E+03  2.00E+03  3.00E+03  5.00E+03  7.00E+03   ENER
  1.00E+04  1.50E+04  2.00E+04  3.00E+04  4.00E+04  5.00E+04
  6.00E+04  7.00E+04  1.00E+05  1.50E+05  2.00E+05  3.00E+05
  5.00E+05  7.00E+05  1.00E+06  0.00E+00  0.00E+00  0.00E+00
  3.62E-15  1.36E-14  3.75E-14  1.78E-13  1.09E-12  3.60E-12   QENER
  1.09E-11  2.84E-11  5.00E-11  7.08E-11  6.72E-11  5.33E-11
  3.86E-11  2.79E-11  1.09E-11  2.97E-12  8.36E-13  1.31E-13
  1.23E-14  2.72E-15  5.23E-16  0.00E+00  0.00E+00  0.00E+00
  1.00E+03  2.00E+03  3.00E+03  5.00E+03  7.00E+03  1.00E+04   TIEV
  1.30E+04  1.60E+04  1.90E+04  2.20E+04  2.50E+04  3.00E+04
  6.72E-11  6.72E-11  6.72E-11  6.72E-11  6.72E-11  6.72E-11   QTIEV
  6.72E-11  6.72E-11  6.72E-11  6.72E-11  6.72E-11  6.72E-11
  1.00E+11  2.00E+11  3.00E+11  5.00E+11  7.00E+11  1.00E+12   DENSI
  2.00E+12  3.00E+12  5.00E+12  7.00E+12  1.00E+13  2.00E+13
  2.50E+13  3.00E+13  5.00E+13  7.00E+13  1.00E+14  0.00E+00
  0.00E+00  0.00E+00  0.00E+00  0.00E+00  0.00E+00  0.00E+00
  6.70E-11  6.70E-11  6.70E-11  6.71E-11  6.71E-11  6.71E-11   QDENSI
  6.71E-11  6.72E-11  6.72E-11  6.72E-11  6.72E-11  6.72E-11
  6.72E-11  6.72E-11  6.72E-11  6.72E-11  6.72E-11  0.00E+00
  0.00E+00  0.00E+00  0.00E+00  0.00E+00  0.00E+00  0.00E+00
  1.00E+00  1.20E+00  1.50E+00  1.70E+00  2.00E+00  2.50E+00   ZEFF
  3.00E+00  3.50E+00  4.00E+00  4.50E+00  5.00E+00  6.00E+00
  6.72E-11  6.72E-11  6.72E-11  6.72E-11  6.72E-11  6.72E-11   QZEFF
  6.72E-11  6.72E-11  6.72E-11  6.72E-11  6.72E-11  6.72E-11
  3.00E+00  0.00E+00  0.00E+00  0.00E+00  0.00E+00  0.00E+00   BMAG
  0.00E+00  0.00E+00  0.00E+00  0.00E+00  0.00E+00  0.00E+00
  6.72E-11  0.00E+00  0.00E+00  0.00E+00  0.00E+00  0.00E+00   QBMAG
  0.00E+00  0.00E+00  0.00E+00  0.00E+00  0.00E+00  0.00E+00
ADAS309 23/02/94 D=H(1S)    R=HE+2  N= 2-1  F=OLD#HE2 M=CX     ISEL= 10
  1.02E-07                                                     QEFREF
  4.00E+04  5.00E+03  2.50E+13  2.00E+00  3.00E+00             PARMREF
        19        12        17        12         1             NPARMSC
  1.00E+03  1.50E+03  2.00E+03  3.00E+03  5.00E+03  7.00E+03   ENER
  1.00E+04  1.50E+04  2.00E+04  3.00E+04  4.00E+04  5.00E+04
  6.00E+04  7.00E+04  8.00E+04  1.00E+05  1.50E+05  2.00E+05
  3.00E+05  0.00E+00  0.00E+00  0.00E+00  0.00E+00  0.00E+00
  1.04E-08  2.19E-08  3.61E-08  6.25E-08  1.10E-07  1.44E-07   QENER
  1.76E-07  1.99E-07  2.00E-07  1.57E-07  1.02E-07  6.04E-08
  4.14E-08  2.86E-08  2.09E-08  1.16E-08  3.34E-09  1.23E-09
  2.47E-10  0.00E+00  0.00E+00  0.00E+00  0.00E+00  0.00E+00
  1.00E+03  2.00E+03  3.00E+03  5.00E+03  7.00E+03  1.00E+04   TIEV
  1.30E+04  1.60E+04  1.90E+04  2.20E+04  2.50E+04  3.00E+04
  1.02E-07  1.02E-07  1.02E-07  1.02E-07  1.01E-07  1.01E-07   QTIEV
  1.01E-07  1.01E-07  1.01E-07  1.01E-07  1.01E-07  1.01E-07
  1.00E+11  2.00E+11  3.00E+11  5.00E+11  7.00E+11  1.00E+12   DENSI
  2.00E+12  3.00E+12  5.00E+12  7.00E+12  1.00E+13  2.00E+13
  2.50E+13  3.00E+13  5.00E+13  7.00E+13  1.00E+14  0.00E+00
  0.00E+00  0.00E+00  0.00E+00  0.00E+00  0.00E+00  0.00E+00
  1.02E-07  1.02E-07  1.02E-07  1.02E-07  1.02E-07  1.01E-07   QDENSI
  1.01E-07  1.01E-07  1.01E-07  1.01E-07  1.01E-07  1.01E-07
  1.02E-07  1.02E-07  1.02E-07  1.02E-07  1.02E-07  0.00E+00
  0.00E+00  0.00E+00  0.00E+00  0.00E+00  0.00E+00  0.00E+00
  1.00E+00  1.20E+00  1.50E+00  1.70E+00  2.00E+00  2.50E+00   ZEFF
  3.00E+00  3.50E+00  4.00E+00  4.50E+00  5.00E+00  6.00E+00
  1.01E-07  1.01E-07  1.01E-07  1.01E-07  1.02E-07  1.02E-07   QZEFF
  1.02E-07  1.02E-07  1.02E-07  1.02E-07  1.02E-07  1.02E-07
  3.00E+00  0.00E+00  0.00E+00  0.00E+00  0.00E+00  0.00E+00   BMAG
  0.00E+00  0.00E+00  0.00E+00  0.00E+00  0.00E+00  0.00E+00
  1.02E-07  0.00E+00  0.00E+00  0.00E+00  0.00E+00  0.00E+00   QBMAG
  0.00E+00  0.00E+00  0.00E+00  0.00E+00  0.00E+00  0.00E+00
ADAS309 23/02/94 D=H(1S)    R=HE+2  N= 3-2  F=OLD#HE2 M=CX     ISEL= 11
  1.59E-08                                                     QEFREF
  4.00E+04  5.00E+03  2.50E+13  2.00E+00  3.00E+00             PARMREF
        19        12        17        12         1             NPARMSC
  1.00E+03  1.50E+03  2.00E+03  3.00E+03  5.00E+03  7.00E+03   ENER
  1.00E+04  1.50E+04  2.00E+04  3.00E+04  4.00E+04  5.00E+04
  6.00E+04  7.00E+04  8.00E+04  1.00E+05  1.50E+05  2.00E+05
  3.00E+05  0.00E+00  0.00E+00  0.00E+00  0.00E+00  0.00E+00
  1.73E-10  4.19E-10  7.54E-10  1.44E-09  2.91E-09  4.07E-09   QENER
  5.42E-09  7.70E-09  1.18E-08  1.82E-08  1.59E-08  1.09E-08
  8.06E-09  5.73E-09  4.17E-09  2.28E-09  6.14E-10  2.10E-10
  3.89E-11  0.00E+00  0.00E+00  0.00E+00  0.00E+00  0.00E+00
  1.00E+03  2.00E+03  3.00E+03  5.00E+03  7.00E+03  1.00E+04   TIEV
  1.30E+04  1.60E+04  1.90E+04  2.20E+04  2.50E+04  3.00E+04
  1.62E-08  1.61E-08  1.60E-08  1.59E-08  1.59E-08  1.58E-08   QTIEV
  1.58E-08  1.57E-08  1.57E-08  1.57E-08  1.57E-08  1.56E-08
  1.00E+11  2.00E+11  3.00E+11  5.00E+11  7.00E+11  1.00E+12   DENSI
  2.00E+12  3.00E+12  5.00E+12  7.00E+12  1.00E+13  2.00E+13
  2.50E+13  3.00E+13  5.00E+13  7.00E+13  1.00E+14  0.00E+00
  0.00E+00  0.00E+00  0.00E+00  0.00E+00  0.00E+00  0.00E+00
  1.69E-08  1.68E-08  1.66E-08  1.64E-08  1.62E-08  1.60E-08   QDENSI
  1.56E-08  1.55E-08  1.55E-08  1.55E-08  1.56E-08  1.58E-08
  1.59E-08  1.60E-08  1.62E-08  1.63E-08  1.64E-08  0.00E+00
  0.00E+00  0.00E+00  0.00E+00  0.00E+00  0.00E+00  0.00E+00
  1.00E+00  1.20E+00  1.50E+00  1.70E+00  2.00E+00  2.50E+00   ZEFF
  3.00E+00  3.50E+00  4.00E+00  4.50E+00  5.00E+00  6.00E+00
  1.55E-08  1.55E-08  1.55E-08  1.55E-08  1.59E-08  1.59E-08   QZEFF
  1.62E-08  1.62E-08  1.64E-08  1.64E-08  1.64E-08  1.65E-08
  3.00E+00  0.00E+00  0.00E+00  0.00E+00  0.00E+00  0.00E+00   BMAG
  0.00E+00  0.00E+00  0.00E+00  0.00E+00  0.00E+00  0.00E+00
  1.59E-08  0.00E+00  0.00E+00  0.00E+00  0.00E+00  0.00E+00   QBMAG
  0.00E+00  0.00E+00  0.00E+00  0.00E+00  0.00E+00  0.00E+00
ADAS309 23/02/94 D=H(1S)    R=HE+2  N= 4-3  F=OLD#HE2 M=CX     ISEL= 12
  4.51E-09                                                     QEFREF
  4.00E+04  5.00E+03  2.50E+13  2.00E+00  3.00E+00             PARMREF
        19        12        17        12         1             NPARMSC
  1.00E+03  1.50E+03  2.00E+03  3.00E+03  5.00E+03  7.00E+03   ENER
  1.00E+04  1.50E+04  2.00E+04  3.00E+04  4.00E+04  5.00E+04
  6.00E+04  7.00E+04  8.00E+04  1.00E+05  1.50E+05  2.00E+05
  3.00E+05  0.00E+00  0.00E+00  0.00E+00  0.00E+00  0.00E+00
  6.53E-12  2.19E-11  4.75E-11  1.07E-10  2.49E-10  4.07E-10   QENER
  6.77E-10  1.19E-09  2.00E-09  4.27E-09  4.51E-09  3.47E-09
  2.73E-09  2.03E-09  1.49E-09  8.40E-10  2.24E-10  7.45E-11
  1.31E-11  0.00E+00  0.00E+00  0.00E+00  0.00E+00  0.00E+00
  1.00E+03  2.00E+03  3.00E+03  5.00E+03  7.00E+03  1.00E+04   TIEV
  1.30E+04  1.60E+04  1.90E+04  2.20E+04  2.50E+04  3.00E+04
  4.54E-09  4.53E-09  4.52E-09  4.51E-09  4.50E-09  4.49E-09   QTIEV
  4.48E-09  4.47E-09  4.46E-09  4.45E-09  4.45E-09  4.44E-09
  1.00E+11  2.00E+11  3.00E+11  5.00E+11  7.00E+11  1.00E+12   DENSI
  2.00E+12  3.00E+12  5.00E+12  7.00E+12  1.00E+13  2.00E+13
  2.50E+13  3.00E+13  5.00E+13  7.00E+13  1.00E+14  0.00E+00
  0.00E+00  0.00E+00  0.00E+00  0.00E+00  0.00E+00  0.00E+00
  3.87E-09  3.89E-09  3.91E-09  3.95E-09  3.98E-09  4.03E-09   QDENSI
  4.14E-09  4.21E-09  4.31E-09  4.36E-09  4.41E-09  4.49E-09
  4.51E-09  4.52E-09  4.55E-09  4.56E-09  4.57E-09  0.00E+00
  0.00E+00  0.00E+00  0.00E+00  0.00E+00  0.00E+00  0.00E+00
  1.00E+00  1.20E+00  1.50E+00  1.70E+00  2.00E+00  2.50E+00   ZEFF
  3.00E+00  3.50E+00  4.00E+00  4.50E+00  5.00E+00  6.00E+00
  4.36E-09  4.36E-09  4.36E-09  4.36E-09  4.51E-09  4.51E-09   QZEFF
  4.55E-09  4.55E-09  4.56E-09  4.56E-09  4.57E-09  4.58E-09
  3.00E+00  0.00E+00  0.00E+00  0.00E+00  0.00E+00  0.00E+00   BMAG
  0.00E+00  0.00E+00  0.00E+00  0.00E+00  0.00E+00  0.00E+00
  4.51E-09  0.00E+00  0.00E+00  0.00E+00  0.00E+00  0.00E+00   QBMAG
  0.00E+00  0.00E+00  0.00E+00  0.00E+00  0.00E+00  0.00E+00
ADAS309 23/02/94 D=H(1S)    R=HE+2  N= 5-4  F=OLD#HE2 M=CX     ISEL= 13
  1.90E-09                                                     QEFREF
  4.00E+04  5.00E+03  2.50E+13  2.00E+00  3.00E+00             PARMREF
        19        12        17        12         1             NPARMSC
  1.00E+03  1.50E+03  2.00E+03  3.00E+03  5.00E+03  7.00E+03   ENER
  1.00E+04  1.50E+04  2.00E+04  3.00E+04  4.00E+04  5.00E+04
  6.00E+04  7.00E+04  8.00E+04  1.00E+05  1.50E+05  2.00E+05
  3.00E+05  0.00E+00  0.00E+00  0.00E+00  0.00E+00  0.00E+00
  1.84E-12  6.95E-12  1.94E-11  3.64E-11  5.88E-11  8.94E-11   QENER
  1.52E-10  3.14E-10  5.95E-10  1.59E-09  1.90E-09  1.56E-09
  1.26E-09  9.51E-10  6.97E-10  3.83E-10  9.99E-11  3.31E-11
  5.85E-12  0.00E+00  0.00E+00  0.00E+00  0.00E+00  0.00E+00
  1.00E+03  2.00E+03  3.00E+03  5.00E+03  7.00E+03  1.00E+04   TIEV
  1.30E+04  1.60E+04  1.90E+04  2.20E+04  2.50E+04  3.00E+04
  1.91E-09  1.91E-09  1.91E-09  1.90E-09  1.90E-09  1.90E-09   QTIEV
  1.90E-09  1.90E-09  1.89E-09  1.89E-09  1.89E-09  1.89E-09
  1.00E+11  2.00E+11  3.00E+11  5.00E+11  7.00E+11  1.00E+12   DENSI
  2.00E+12  3.00E+12  5.00E+12  7.00E+12  1.00E+13  2.00E+13
  2.50E+13  3.00E+13  5.00E+13  7.00E+13  1.00E+14  0.00E+00
  0.00E+00  0.00E+00  0.00E+00  0.00E+00  0.00E+00  0.00E+00
  1.60E-09  1.63E-09  1.65E-09  1.68E-09  1.71E-09  1.74E-09   QDENSI
  1.80E-09  1.83E-09  1.86E-09  1.87E-09  1.88E-09  1.90E-09
  1.90E-09  1.91E-09  1.91E-09  1.91E-09  1.91E-09  0.00E+00
  0.00E+00  0.00E+00  0.00E+00  0.00E+00  0.00E+00  0.00E+00
  1.00E+00  1.20E+00  1.50E+00  1.70E+00  2.00E+00  2.50E+00   ZEFF
  3.00E+00  3.50E+00  4.00E+00  4.50E+00  5.00E+00  6.00E+00
  1.87E-09  1.87E-09  1.87E-09  1.87E-09  1.90E-09  1.90E-09   QZEFF
  1.91E-09  1.91E-09  1.91E-09  1.91E-09  1.92E-09  1.92E-09
  3.00E+00  0.00E+00  0.00E+00  0.00E+00  0.00E+00  0.00E+00   BMAG
  0.00E+00  0.00E+00  0.00E+00  0.00E+00  0.00E+00  0.00E+00
  1.90E-09  0.00E+00  0.00E+00  0.00E+00  0.00E+00  0.00E+00   QBMAG
  0.00E+00  0.00E+00  0.00E+00  0.00E+00  0.00E+00  0.00E+00
ADAS309 23/02/94 D=H(1S)    R=HE+2  N= 6-5  F=OLD#HE2 M=CX     ISEL= 14
  8.66E-10                                                     QEFREF
  4.00E+04  5.00E+03  2.50E+13  2.00E+00  3.00E+00             PARMREF
        19        12        17        12         1             NPARMSC
  1.00E+03  1.50E+03  2.00E+03  3.00E+03  5.00E+03  7.00E+03   ENER
  1.00E+04  1.50E+04  2.00E+04  3.00E+04  4.00E+04  5.00E+04
  6.00E+04  7.00E+04  8.00E+04  1.00E+05  1.50E+05  2.00E+05
  3.00E+05  0.00E+00  0.00E+00  0.00E+00  0.00E+00  0.00E+00
  2.22E-13  1.42E-12  3.35E-12  6.68E-12  1.20E-11  2.16E-11   QENER
  4.25E-11  1.02E-10  2.19E-10  6.73E-10  8.66E-10  7.73E-10
  6.18E-10  4.71E-10  3.43E-10  1.86E-10  5.02E-11  1.66E-11
  2.97E-12  0.00E+00  0.00E+00  0.00E+00  0.00E+00  0.00E+00
  1.00E+03  2.00E+03  3.00E+03  5.00E+03  7.00E+03  1.00E+04   TIEV
  1.30E+04  1.60E+04  1.90E+04  2.20E+04  2.50E+04  3.00E+04
  8.67E-10  8.67E-10  8.66E-10  8.66E-10  8.66E-10  8.65E-10   QTIEV
  8.65E-10  8.64E-10  8.64E-10  8.64E-10  8.63E-10  8.63E-10
  1.00E+11  2.00E+11  3.00E+11  5.00E+11  7.00E+11  1.00E+12   DENSI
  2.00E+12  3.00E+12  5.00E+12  7.00E+12  1.00E+13  2.00E+13
  2.50E+13  3.00E+13  5.00E+13  7.00E+13  1.00E+14  0.00E+00
  0.00E+00  0.00E+00  0.00E+00  0.00E+00  0.00E+00  0.00E+00
  7.80E-10  7.91E-10  7.99E-10  8.11E-10  8.20E-10  8.28E-10   QDENSI
  8.44E-10  8.50E-10  8.57E-10  8.60E-10  8.62E-10  8.65E-10
  8.66E-10  8.66E-10  8.67E-10  8.68E-10  8.68E-10  0.00E+00
  0.00E+00  0.00E+00  0.00E+00  0.00E+00  0.00E+00  0.00E+00
  1.00E+00  1.20E+00  1.50E+00  1.70E+00  2.00E+00  2.50E+00   ZEFF
  3.00E+00  3.50E+00  4.00E+00  4.50E+00  5.00E+00  6.00E+00
  8.60E-10  8.60E-10  8.60E-10  8.60E-10  8.66E-10  8.66E-10   QZEFF
  8.67E-10  8.67E-10  8.68E-10  8.68E-10  8.68E-10  8.68E-10
  3.00E+00  0.00E+00  0.00E+00  0.00E+00  0.00E+00  0.00E+00   BMAG
  0.00E+00  0.00E+00  0.00E+00  0.00E+00  0.00E+00  0.00E+00
  8.66E-10  0.00E+00  0.00E+00  0.00E+00  0.00E+00  0.00E+00   QBMAG
  0.00E+00  0.00E+00  0.00E+00  0.00E+00  0.00E+00  0.00E+00
ADAS309 23/02/94 D=H(1S)    R=HE+2  N= 7-6  F=OLD#HE2 M=CX     ISEL= 15
  4.65E-10                                                     QEFREF
  4.00E+04  5.00E+03  2.50E+13  2.00E+00  3.00E+00             PARMREF
        19        12        17        12         1             NPARMSC
  1.00E+03  1.50E+03  2.00E+03  3.00E+03  5.00E+03  7.00E+03   ENER
  1.00E+04  1.50E+04  2.00E+04  3.00E+04  4.00E+04  5.00E+04
  6.00E+04  7.00E+04  8.00E+04  1.00E+05  1.50E+05  2.00E+05
  3.00E+05  0.00E+00  0.00E+00  0.00E+00  0.00E+00  0.00E+00
  4.35E-14  3.01E-13  7.48E-13  1.63E-12  3.27E-12  6.49E-12   QENER
  1.41E-11  3.91E-11  9.38E-11  3.36E-10  4.65E-10  4.30E-10
  3.49E-10  2.69E-10  1.97E-10  1.07E-10  2.88E-11  9.50E-12
  1.69E-12  0.00E+00  0.00E+00  0.00E+00  0.00E+00  0.00E+00
  1.00E+03  2.00E+03  3.00E+03  5.00E+03  7.00E+03  1.00E+04   TIEV
  1.30E+04  1.60E+04  1.90E+04  2.20E+04  2.50E+04  3.00E+04
  4.65E-10  4.65E-10  4.65E-10  4.65E-10  4.65E-10  4.65E-10   QTIEV
  4.65E-10  4.64E-10  4.64E-10  4.64E-10  4.64E-10  4.64E-10
  1.00E+11  2.00E+11  3.00E+11  5.00E+11  7.00E+11  1.00E+12   DENSI
  2.00E+12  3.00E+12  5.00E+12  7.00E+12  1.00E+13  2.00E+13
  2.50E+13  3.00E+13  5.00E+13  7.00E+13  1.00E+14  0.00E+00
  0.00E+00  0.00E+00  0.00E+00  0.00E+00  0.00E+00  0.00E+00
  4.39E-10  4.43E-10  4.46E-10  4.50E-10  4.52E-10  4.55E-10   QDENSI
  4.59E-10  4.61E-10  4.63E-10  4.63E-10  4.64E-10  4.65E-10
  4.65E-10  4.65E-10  4.65E-10  4.65E-10  4.65E-10  0.00E+00
  0.00E+00  0.00E+00  0.00E+00  0.00E+00  0.00E+00  0.00E+00
  1.00E+00  1.20E+00  1.50E+00  1.70E+00  2.00E+00  2.50E+00   ZEFF
  3.00E+00  3.50E+00  4.00E+00  4.50E+00  5.00E+00  6.00E+00
  4.63E-10  4.63E-10  4.63E-10  4.63E-10  4.65E-10  4.65E-10   QZEFF
  4.65E-10  4.65E-10  4.65E-10  4.65E-10  4.65E-10  4.65E-10
  3.00E+00  0.00E+00  0.00E+00  0.00E+00  0.00E+00  0.00E+00   BMAG
  0.00E+00  0.00E+00  0.00E+00  0.00E+00  0.00E+00  0.00E+00
  4.65E-10  0.00E+00  0.00E+00  0.00E+00  0.00E+00  0.00E+00   QBMAG
  0.00E+00  0.00E+00  0.00E+00  0.00E+00  0.00E+00  0.00E+00
ADAS309 23/02/94 D=H(1S)    R=HE+2  N= 3-1  F=OLD#HE2 M=CX     ISEL= 16
  2.16E-08                                                     QEFREF
  4.00E+04  5.00E+03  2.50E+13  2.00E+00  3.00E+00             PARMREF
        19        12        17        12         1             NPARMSC
  1.00E+03  1.50E+03  2.00E+03  3.00E+03  5.00E+03  7.00E+03   ENER
  1.00E+04  1.50E+04  2.00E+04  3.00E+04  4.00E+04  5.00E+04
  6.00E+04  7.00E+04  8.00E+04  1.00E+05  1.50E+05  2.00E+05
  3.00E+05  0.00E+00  0.00E+00  0.00E+00  0.00E+00  0.00E+00
  2.08E-10  5.06E-10  9.18E-10  1.78E-09  3.63E-09  5.15E-09   QENER
  6.94E-09  1.01E-08  1.58E-08  2.47E-08  2.16E-08  1.49E-08
  1.10E-08  7.85E-09  5.77E-09  3.20E-09  8.81E-10  3.09E-10
  5.86E-11  0.00E+00  0.00E+00  0.00E+00  0.00E+00  0.00E+00
  1.00E+03  2.00E+03  3.00E+03  5.00E+03  7.00E+03  1.00E+04   TIEV
  1.30E+04  1.60E+04  1.90E+04  2.20E+04  2.50E+04  3.00E+04
  2.15E-08  2.15E-08  2.16E-08  2.16E-08  2.17E-08  2.17E-08   QTIEV
  2.18E-08  2.18E-08  2.18E-08  2.18E-08  2.18E-08  2.19E-08
  1.00E+11  2.00E+11  3.00E+11  5.00E+11  7.00E+11  1.00E+12   DENSI
  2.00E+12  3.00E+12  5.00E+12  7.00E+12  1.00E+13  2.00E+13
  2.50E+13  3.00E+13  5.00E+13  7.00E+13  1.00E+14  0.00E+00
  0.00E+00  0.00E+00  0.00E+00  0.00E+00  0.00E+00  0.00E+00
  1.98E-08  2.00E-08  2.02E-08  2.05E-08  2.08E-08  2.10E-08   QDENSI
  2.15E-08  2.17E-08  2.19E-08  2.19E-08  2.19E-08  2.17E-08
  2.16E-08  2.16E-08  2.14E-08  2.13E-08  2.13E-08  0.00E+00
  0.00E+00  0.00E+00  0.00E+00  0.00E+00  0.00E+00  0.00E+00
  1.00E+00  1.20E+00  1.50E+00  1.70E+00  2.00E+00  2.50E+00   ZEFF
  3.00E+00  3.50E+00  4.00E+00  4.50E+00  5.00E+00  6.00E+00
  2.19E-08  2.19E-08  2.19E-08  2.19E-08  2.16E-08  2.16E-08   QZEFF
  2.14E-08  2.14E-08  2.13E-08  2.13E-08  2.12E-08  2.12E-08
  3.00E+00  0.00E+00  0.00E+00  0.00E+00  0.00E+00  0.00E+00   BMAG
  0.00E+00  0.00E+00  0.00E+00  0.00E+00  0.00E+00  0.00E+00
  2.16E-08  0.00E+00  0.00E+00  0.00E+00  0.00E+00  0.00E+00   QBMAG
  0.00E+00  0.00E+00  0.00E+00  0.00E+00  0.00E+00  0.00E+00
ADAS309 23/02/94 D=H(1S)    R=HE+2  N= 4-2  F=OLD#HE2 M=CX     ISEL= 17
  4.27E-09                                                     QEFREF
  4.00E+04  5.00E+03  2.50E+13  2.00E+00  3.00E+00             PARMREF
        19        12        17        12         1             NPARMSC
  1.00E+03  1.50E+03  2.00E+03  3.00E+03  5.00E+03  7.00E+03   ENER
  1.00E+04  1.50E+04  2.00E+04  3.00E+04  4.00E+04  5.00E+04
  6.00E+04  7.00E+04  8.00E+04  1.00E+05  1.50E+05  2.00E+05
  3.00E+05  0.00E+00  0.00E+00  0.00E+00  0.00E+00  0.00E+00
  6.00E-12  2.02E-11  4.37E-11  9.87E-11  2.31E-10  3.80E-10   QENER
  6.34E-10  1.12E-09  1.88E-09  4.04E-09  4.27E-09  3.29E-09
  2.59E-09  1.92E-09  1.42E-09  8.02E-10  2.15E-10  7.15E-11
  1.26E-11  0.00E+00  0.00E+00  0.00E+00  0.00E+00  0.00E+00
  1.00E+03  2.00E+03  3.00E+03  5.00E+03  7.00E+03  1.00E+04   TIEV
  1.30E+04  1.60E+04  1.90E+04  2.20E+04  2.50E+04  3.00E+04
  4.28E-09  4.28E-09  4.28E-09  4.27E-09  4.27E-09  4.26E-09   QTIEV
  4.26E-09  4.26E-09  4.25E-09  4.25E-09  4.25E-09  4.25E-09
  1.00E+11  2.00E+11  3.00E+11  5.00E+11  7.00E+11  1.00E+12   DENSI
  2.00E+12  3.00E+12  5.00E+12  7.00E+12  1.00E+13  2.00E+13
  2.50E+13  3.00E+13  5.00E+13  7.00E+13  1.00E+14  0.00E+00
  0.00E+00  0.00E+00  0.00E+00  0.00E+00  0.00E+00  0.00E+00
  4.02E-09  4.02E-09  4.03E-09  4.04E-09  4.06E-09  4.08E-09   QDENSI
  4.13E-09  4.16E-09  4.20E-09  4.22E-09  4.24E-09  4.26E-09
  4.27E-09  4.28E-09  4.28E-09  4.29E-09  4.29E-09  0.00E+00
  0.00E+00  0.00E+00  0.00E+00  0.00E+00  0.00E+00  0.00E+00
  1.00E+00  1.20E+00  1.50E+00  1.70E+00  2.00E+00  2.50E+00   ZEFF
  3.00E+00  3.50E+00  4.00E+00  4.50E+00  5.00E+00  6.00E+00
  4.22E-09  4.22E-09  4.22E-09  4.22E-09  4.27E-09  4.27E-09   QZEFF
  4.29E-09  4.29E-09  4.29E-09  4.29E-09  4.29E-09  4.30E-09
  3.00E+00  0.00E+00  0.00E+00  0.00E+00  0.00E+00  0.00E+00   BMAG
  0.00E+00  0.00E+00  0.00E+00  0.00E+00  0.00E+00  0.00E+00
  4.27E-09  0.00E+00  0.00E+00  0.00E+00  0.00E+00  0.00E+00   QBMAG
  0.00E+00  0.00E+00  0.00E+00  0.00E+00  0.00E+00  0.00E+00
ADAS309 23/02/94 D=H(1S)    R=HE+2  N= 5-3  F=OLD#HE2 M=CX     ISEL= 18
  1.56E-09                                                     QEFREF
  4.00E+04  5.00E+03  2.50E+13  2.00E+00  3.00E+00             PARMREF
        19        12        17        12         1             NPARMSC
  1.00E+03  1.50E+03  2.00E+03  3.00E+03  5.00E+03  7.00E+03   ENER
  1.00E+04  1.50E+04  2.00E+04  3.00E+04  4.00E+04  5.00E+04
  6.00E+04  7.00E+04  8.00E+04  1.00E+05  1.50E+05  2.00E+05
  3.00E+05  0.00E+00  0.00E+00  0.00E+00  0.00E+00  0.00E+00
  1.50E-12  5.65E-12  1.58E-11  2.96E-11  4.79E-11  7.29E-11   QENER
  1.24E-10  2.56E-10  4.86E-10  1.30E-09  1.56E-09  1.28E-09
  1.03E-09  7.78E-10  5.71E-10  3.14E-10  8.18E-11  2.71E-11
  4.79E-12  0.00E+00  0.00E+00  0.00E+00  0.00E+00  0.00E+00
  1.00E+03  2.00E+03  3.00E+03  5.00E+03  7.00E+03  1.00E+04   TIEV
  1.30E+04  1.60E+04  1.90E+04  2.20E+04  2.50E+04  3.00E+04
  1.56E-09  1.56E-09  1.56E-09  1.56E-09  1.56E-09  1.55E-09   QTIEV
  1.55E-09  1.55E-09  1.55E-09  1.55E-09  1.55E-09  1.55E-09
  1.00E+11  2.00E+11  3.00E+11  5.00E+11  7.00E+11  1.00E+12   DENSI
  2.00E+12  3.00E+12  5.00E+12  7.00E+12  1.00E+13  2.00E+13
  2.50E+13  3.00E+13  5.00E+13  7.00E+13  1.00E+14  0.00E+00
  0.00E+00  0.00E+00  0.00E+00  0.00E+00  0.00E+00  0.00E+00
  1.40E-09  1.41E-09  1.43E-09  1.44E-09  1.46E-09  1.47E-09   QDENSI
  1.50E-09  1.52E-09  1.53E-09  1.54E-09  1.55E-09  1.56E-09
  1.56E-09  1.56E-09  1.56E-09  1.56E-09  1.56E-09  0.00E+00
  0.00E+00  0.00E+00  0.00E+00  0.00E+00  0.00E+00  0.00E+00
  1.00E+00  1.20E+00  1.50E+00  1.70E+00  2.00E+00  2.50E+00   ZEFF
  3.00E+00  3.50E+00  4.00E+00  4.50E+00  5.00E+00  6.00E+00
  1.54E-09  1.54E-09  1.54E-09  1.54E-09  1.56E-09  1.56E-09   QZEFF
  1.56E-09  1.56E-09  1.56E-09  1.56E-09  1.56E-09  1.56E-09
  3.00E+00  0.00E+00  0.00E+00  0.00E+00  0.00E+00  0.00E+00   BMAG
  0.00E+00  0.00E+00  0.00E+00  0.00E+00  0.00E+00  0.00E+00
  1.56E-09  0.00E+00  0.00E+00  0.00E+00  0.00E+00  0.00E+00   QBMAG
  0.00E+00  0.00E+00  0.00E+00  0.00E+00  0.00E+00  0.00E+00
ADAS309 23/02/94 D=H(1S)    R=HE+2  N= 6-4  F=OLD#HE2 M=CX     ISEL=19
  6.52E-10                                                     QEFREF
  4.00E+04  5.00E+03  2.50E+13  2.00E+00  3.00E+00             PARMREF
        19        12        17        12         1             NPARMSC
  1.00E+03  1.50E+03  2.00E+03  3.00E+03  5.00E+03  7.00E+03   ENER
  1.00E+04  1.50E+04  2.00E+04  3.00E+04  4.00E+04  5.00E+04
  6.00E+04  7.00E+04  8.00E+04  1.00E+05  1.50E+05  2.00E+05
  3.00E+05  0.00E+00  0.00E+00  0.00E+00  0.00E+00  0.00E+00
  1.67E-13  1.07E-12  2.51E-12  5.02E-12  9.00E-12  1.63E-11   QENER
  3.20E-11  7.65E-11  1.65E-10  5.06E-10  6.52E-10  5.82E-10
  4.65E-10  3.55E-10  2.58E-10  1.40E-10  3.78E-11  1.25E-11
  2.23E-12  0.00E+00  0.00E+00  0.00E+00  0.00E+00  0.00E+00
  1.00E+03  2.00E+03  3.00E+03  5.00E+03  7.00E+03  1.00E+04   TIEV
  1.30E+04  1.60E+04  1.90E+04  2.20E+04  2.50E+04  3.00E+04
  6.52E-10  6.52E-10  6.52E-10  6.52E-10  6.51E-10  6.51E-10   QTIEV
  6.51E-10  6.51E-10  6.51E-10  6.51E-10  6.50E-10  6.50E-10
  1.00E+11  2.00E+11  3.00E+11  5.00E+11  7.00E+11  1.00E+12   DENSI
  2.00E+12  3.00E+12  5.00E+12  7.00E+12  1.00E+13  2.00E+13
  2.50E+13  3.00E+13  5.00E+13  7.00E+13  1.00E+14  0.00E+00
  0.00E+00  0.00E+00  0.00E+00  0.00E+00  0.00E+00  0.00E+00
  6.04E-10  6.10E-10  6.15E-10  6.22E-10  6.26E-10  6.31E-10   QDENSI
  6.40E-10  6.43E-10  6.47E-10  6.48E-10  6.50E-10  6.51E-10
  6.52E-10  6.52E-10  6.52E-10  6.53E-10  6.53E-10  0.00E+00
  0.00E+00  0.00E+00  0.00E+00  0.00E+00  0.00E+00  0.00E+00
  1.00E+00  1.20E+00  1.50E+00  1.70E+00  2.00E+00  2.50E+00   ZEFF
  3.00E+00  3.50E+00  4.00E+00  4.50E+00  5.00E+00  6.00E+00
  6.48E-10  6.48E-10  6.48E-10  6.48E-10  6.52E-10  6.52E-10   QZEFF
  6.52E-10  6.52E-10  6.53E-10  6.53E-10  6.53E-10  6.53E-10
  3.00E+00  0.00E+00  0.00E+00  0.00E+00  0.00E+00  0.00E+00   BMAG
  0.00E+00  0.00E+00  0.00E+00  0.00E+00  0.00E+00  0.00E+00
  6.52E-10  0.00E+00  0.00E+00  0.00E+00  0.00E+00  0.00E+00   QBMAG
  0.00E+00  0.00E+00  0.00E+00  0.00E+00  0.00E+00  0.00E+00
ADAS309 23/02/94 D=H(1S)    R=HE+2  N= 7-5  F=OLD#HE2 M=CX     ISEL=20
  3.32E-10                                                     QEFREF
  4.00E+04  5.00E+03  2.50E+13  2.00E+00  3.00E+00             PARMREF
        19        12        17        12         1             NPARMSC
  1.00E+03  1.50E+03  2.00E+03  3.00E+03  5.00E+03  7.00E+03   ENER
  1.00E+04  1.50E+04  2.00E+04  3.00E+04  4.00E+04  5.00E+04
  6.00E+04  7.00E+04  8.00E+04  1.00E+05  1.50E+05  2.00E+05
  3.00E+05  0.00E+00  0.00E+00  0.00E+00  0.00E+00  0.00E+00
  3.10E-14  2.15E-13  5.34E-13  1.16E-12  2.34E-12  4.63E-12   QENER
  1.01E-11  2.79E-11  6.69E-11  2.40E-10  3.32E-10  3.07E-10
  2.49E-10  1.92E-10  1.40E-10  7.66E-11  2.06E-11  6.77E-12
  1.20E-12  0.00E+00  0.00E+00  0.00E+00  0.00E+00  0.00E+00
  1.00E+03  2.00E+03  3.00E+03  5.00E+03  7.00E+03  1.00E+04   TIEV
  1.30E+04  1.60E+04  1.90E+04  2.20E+04  2.50E+04  3.00E+04
  3.32E-10  3.32E-10  3.32E-10  3.32E-10  3.32E-10  3.31E-10   QTIEV
  3.31E-10  3.31E-10  3.31E-10  3.31E-10  3.31E-10  3.31E-10
  1.00E+11  2.00E+11  3.00E+11  5.00E+11  7.00E+11  1.00E+12   DENSI
  2.00E+12  3.00E+12  5.00E+12  7.00E+12  1.00E+13  2.00E+13
  2.50E+13  3.00E+13  5.00E+13  7.00E+13  1.00E+14  0.00E+00
  0.00E+00  0.00E+00  0.00E+00  0.00E+00  0.00E+00  0.00E+00
  3.17E-10  3.19E-10  3.21E-10  3.23E-10  3.25E-10  3.26E-10   QDENSI
  3.28E-10  3.29E-10  3.30E-10  3.31E-10  3.31E-10  3.32E-10
  3.32E-10  3.32E-10  3.32E-10  3.32E-10  3.32E-10  0.00E+00
  0.00E+00  0.00E+00  0.00E+00  0.00E+00  0.00E+00  0.00E+00
  1.00E+00  1.20E+00  1.50E+00  1.70E+00  2.00E+00  2.50E+00   ZEFF
  3.00E+00  3.50E+00  4.00E+00  4.50E+00  5.00E+00  6.00E+00
  3.31E-10  3.31E-10  3.31E-10  3.31E-10  3.32E-10  3.32E-10   QZEFF
  3.32E-10  3.32E-10  3.32E-10  3.32E-10  3.32E-10  3.32E-10
  3.00E+00  0.00E+00  0.00E+00  0.00E+00  0.00E+00  0.00E+00   BMAG
  0.00E+00  0.00E+00  0.00E+00  0.00E+00  0.00E+00  0.00E+00
  3.32E-10  0.00E+00  0.00E+00  0.00E+00  0.00E+00  0.00E+00   QBMAG
  0.00E+00  0.00E+00  0.00E+00  0.00E+00  0.00E+00  0.00E+00
C-----------------------------------------------------------------------
C  EFFECTIVE COEFFICIENT LIST:
C
C     ISEL    TYPE      ION       INFORMATION
C     ----    ----      ---       -----------
C
C       1.   CX.EMIS.  H + 0      N = 2 -  1   1215.0    23/2/94  J0975
C       2.   CX.EMIS.  H + 0      N = 3 -  2   6559.4    23/2/94  J0975
C       3.   CX.EMIS.  H + 0      N = 4 -  3  18741.5    23/2/94  J0975
C       4.   CX.EMIS.  H + 0      N = 5 -  4  40491.0    23/2/94  J0975
C       5.   CX.EMIS.  H + 0      N = 6 -  5  74540.4    23/2/94  J0975
C       6.   CX.EMIS.  H + 0      N = 3 -  1   1025.2    23/2/94  J0975
C       7.   CX.EMIS.  H + 0      N = 4 -  2   4858.8    23/2/94  J0975
C       8.   CX.EMIS.  H + 0      N = 5 -  3  12811.6    23/2/94  J0975
C       9.   CX.EMIS.  H + 0      N = 6 -  4  26238.2    22/2/94  J0975
C      10.   CX.EMIS.  HE+ 1      N = 2 -  1    303.7    23/2/94  J1705
C      11.   CX.EMIS.  HE+ 1      N = 3 -  2   1640.1    23/2/94  J1705
C      12.   CX.EMIS.  HE+ 1      N = 4 -  3   4685.2    23/2/94  J1705
C      13.   CX.EMIS.  HE+ 1      N = 5 -  4  10122.6    23/2/94  J1705
C      14.   CX.EMIS.  HE+ 1      N = 6 -  5  18635.0    23/2/94  J1705
C      15.   CX.EMIS.  HE+ 1      N = 7 -  6  30905.5    23/2/94  J1705
C      16.   CX.EMIS.  HE+ 1      N = 3 -  1    256.3    23/2/94  J1705
C      17.   CX.EMIS.  HE+ 1      N = 4 -  2   1214.9    23/2/94  J1705
C      18.   CX.EMIS.  HE+ 1      N = 5 -  3   3202.8    23/2/94  J1967
C      19.   CX.EMIS.  HE+ 1      N = 6 -  4   6559.5    22/2/94  J1967
C      20.   CX.EMIS.  HE+ 1      N = 7 -  5  11625.3    22/2/94  J1967
C-----------------------------------------------------------------------
