LRDFITv3   05/18/2009    #130608 00352ms           3  41  41
 1.614899993e+00 3.480000019e+00 8.616053462e-01 1.851000041e-01 0.000000000e+00
 1.029740572e+00-1.789487340e-02 5.311824381e-02-2.019038610e-02-5.389954448e-01
 9.907181875e+05 5.311824381e-02 0.000000000e+00 1.029740572e+00 0.000000000e+00
-1.789487340e-02 0.000000000e+00-2.019038610e-02 0.000000000e+00 0.000000000e+00
-4.899068773e-01-4.891828895e-01-4.883915782e-01-4.875881672e-01-4.867849350e-01
-4.859830141e-01-4.851834774e-01-4.843873084e-01-4.835955799e-01-4.828091860e-01
-4.820289910e-01-4.812558293e-01-4.804903865e-01-4.797333479e-01-4.789852202e-01
-4.782464504e-01-4.775173366e-01-4.767981470e-01-4.760889411e-01-4.753897190e-01
-4.747003317e-01-4.740205705e-01-4.733500779e-01-4.726883769e-01-4.720348716e-01
-4.713889360e-01-4.707497954e-01-4.701166153e-01-4.694884419e-01-4.688643217e-01
-4.682432115e-01-4.676239789e-01-4.670055211e-01-4.663896561e-01-4.658052325e-01
-4.652971625e-01-4.648994207e-01-4.646266699e-01-4.644729495e-01-4.644120336e-01
-4.644014537e-01
 2.035945898e+04 1.980294336e+04 1.924731445e+04 1.869342969e+04 1.814205664e+04
 1.759383789e+04 1.704928320e+04 1.650870508e+04 1.597224902e+04 1.543985547e+04
 1.491126660e+04 1.438606152e+04 1.386363672e+04 1.334327637e+04 1.282415625e+04
 1.230535742e+04 1.178561230e+04 1.126341895e+04 1.073732617e+04 1.020600195e+04
 9.668291016e+03 9.123193359e+03 8.569982422e+03 8.008138672e+03 7.437417969e+03
 6.857866211e+03 6.269749512e+03 5.673651367e+03 5.070354492e+03 4.460877441e+03
 3.846433594e+03 3.228357910e+03 2.608100586e+03 1.990046387e+03 1.404248413e+03
 8.955539551e+02 4.977179565e+02 2.250891113e+02 7.152887726e+01 1.068610477e+01
 1.266776472e-01
 1.844753176e-01 2.047966868e-01 2.140289992e-01 2.137880921e-01 2.132309973e-01
 2.123909146e-01 2.112744153e-01 2.098936439e-01 2.082624286e-01 2.063977122e-01
 2.043192834e-01 2.020481676e-01 1.996085048e-01 1.970253140e-01 1.943255663e-01
 1.915374100e-01 1.886896193e-01 1.858119816e-01 1.829343140e-01 1.800866276e-01
 1.772983372e-01 1.745986789e-01 1.720154732e-01 1.695757210e-01 1.673048437e-01
 1.652260423e-01 1.633616686e-01 1.617303193e-01 1.603493541e-01 1.592331678e-01
 1.583930552e-01 1.578496546e-01 1.576462686e-01 1.551091820e-01 1.409265101e-01
 1.162695214e-01 8.527939767e-02 5.320045352e-02 2.542395145e-02 6.644069683e-03
 1.372068027e-06
 3.037604688e+05 3.035143125e+05 3.027887812e+05 3.016174375e+05 3.000559688e+05
 2.981789375e+05 2.960744062e+05 2.938429688e+05 2.915899062e+05 2.894224062e+05
 2.874426875e+05 2.857454375e+05 2.844101875e+05 2.835007188e+05 2.830582500e+05
 2.831734062e+05 2.841025000e+05 2.858448438e+05 2.883496875e+05 2.915408125e+05
 2.953200312e+05 2.995741250e+05 3.041725312e+05 3.089762500e+05 3.138389688e+05
 3.186133438e+05 3.231535625e+05 3.273225938e+05 3.309932812e+05 3.340532500e+05
 3.364120000e+05 3.380178438e+05 3.389033750e+05 3.335767188e+05 3.030735625e+05
 2.500463438e+05 1.833997656e+05 1.144115703e+05 5.467611719e+04 1.428857227e+04
 2.950735331e+00
-1.393610239e-02-1.997035183e-02-1.984877698e-02-2.005687170e-02-2.044941857e-02
-2.098466642e-02-2.165550739e-02-2.246787772e-02-2.343505062e-02-2.457291074e-02
-2.589131519e-02-2.744317614e-02-2.928736061e-02-3.138430417e-02-3.375721723e-02
-3.642621636e-02-3.941700235e-02-4.275491461e-02-4.646319151e-02-5.056401342e-02
-5.508458614e-02-6.005857885e-02-6.552606076e-02-7.153298706e-02-7.813022286e-02
-8.537117392e-02-9.330642223e-02-1.019635573e-01-1.113077551e-01-1.211405098e-01
-1.308868676e-01-1.395643950e-01-1.459033489e-01-1.492727846e-01-1.496559083e-01
-1.478520334e-01-1.450038850e-01-1.419204473e-01-1.390173584e-01-1.364815682e-01
-1.583035141e-01-1.451808028e-02-1.546980720e-02-1.693190634e-02-1.810556836e-02
-1.910972036e-02-2.002984658e-02-2.094238624e-02-2.190038189e-02-2.295165509e-02
-2.414188161e-02-2.550537884e-02-2.705079503e-02-2.882248163e-02-3.087209538e-02
-3.323180974e-02-3.590225428e-02-3.891450167e-02-4.230315983e-02-4.611533508e-02
-5.038635433e-02-5.514618009e-02-6.044303626e-02-6.634006649e-02-7.291649282e-02
-8.027447760e-02-8.854872733e-02-9.792064875e-02-1.086487323e-01-1.211200580e-01
-1.359347850e-01-1.543522775e-01-1.726785898e-01-1.832552105e-01-1.865843236e-01
-1.813905388e-01-1.699904054e-01-1.608884782e-01-1.540017277e-01-1.487218440e-01
-1.446222812e-01-1.415639818e-01-1.372242160e-02-1.462370064e-02-1.631732844e-02
-1.766433194e-02-1.875633188e-02-1.968854293e-02-2.055994049e-02-2.144452557e-02
-2.239938453e-02-2.347218618e-02-2.470453270e-02-2.613538690e-02-2.780067362e-02
-2.973547019e-02-3.197415918e-02-3.455180302e-02-3.749432787e-02-4.083661363e-02
-4.462333024e-02-4.890846834e-02-5.371643603e-02-5.909983441e-02-6.512810290e-02
-7.189761102e-02-7.951517403e-02-8.813075721e-02-9.795634449e-02-1.093095317e-01
-1.226979196e-01-1.389811784e-01-1.598035544e-01-1.807056367e-01-1.927838027e-01
-1.965109855e-01-1.905730069e-01-1.771215796e-01-1.662285030e-01-1.584350020e-01
-1.527577043e-01-1.485261619e-01-1.451609433e-01-1.761213504e-02-1.776123419e-02
-1.836979948e-02-1.891088486e-02-1.941061765e-02-1.989384927e-02-2.039826289e-02
-2.096201479e-02-2.162355930e-02-2.242195979e-02-2.339616977e-02-2.458447963e-02
-2.602389641e-02-2.775001153e-02-2.979717962e-02-3.219860420e-02-3.498606011e-02
-3.819193318e-02-4.184943065e-02-4.599366337e-02-5.066451058e-02-5.590704083e-02
-6.176483259e-02-6.830330193e-02-7.559853792e-02-8.373247832e-02-9.279747307e-02
-1.029013023e-01-1.141266823e-01-1.264556646e-01-1.393861026e-01-1.512634605e-01
-1.598727852e-01-1.642798483e-01-1.644440144e-01-1.613167673e-01-1.570980102e-01
-1.532485485e-01-1.500888020e-01-1.475938559e-01-1.456564665e-01-2.294061147e-02
-2.183037251e-02-2.109400742e-02-2.063066140e-02-2.035657130e-02-2.021018043e-02
-2.017268725e-02-2.025025338e-02-2.046406269e-02-2.084471844e-02-2.142794430e-02
-2.225155942e-02-2.335315570e-02-2.476850711e-02-2.653098479e-02-2.867168561e-02
-3.121900186e-02-3.419919312e-02-3.763677552e-02-4.155497625e-02-4.597577825e-02
-5.091989785e-02-5.640715733e-02-6.246116012e-02-6.913550198e-02-7.644803077e-02
-8.434867114e-02-9.276077896e-02-1.015560105e-01-1.104898900e-01-1.191577315e-01
-1.270417273e-01-1.335646659e-01-1.384647936e-01-1.416205466e-01-1.432901323e-01
-1.439621300e-01-1.440715343e-01-1.439577639e-01-1.438127458e-01-1.437285095e-01
-2.448650263e-02-2.343469858e-02-2.244787291e-02-2.156187594e-02-2.077033184e-02
-2.007330582e-02-1.947452873e-02-1.899158582e-02-1.865334995e-02-1.849810779e-02
-1.857007109e-02-1.891526952e-02-1.957761310e-02-2.059427463e-02-2.199602872e-02
-2.381256223e-02-2.606583014e-02-2.877282910e-02-3.194795549e-02-3.560158983e-02
-3.973913193e-02-4.435981810e-02-4.945310578e-02-5.499048904e-02-6.097834930e-02
-6.760775298e-02-7.463798672e-02-8.192119747e-02-8.933628350e-02-9.671851993e-02
-1.038645357e-01-1.105556786e-01-1.165963560e-01-1.218601987e-01-1.263279468e-01
-1.300208718e-01-1.330556720e-01-1.355782747e-01-1.377258897e-01-1.396082193e-01
-1.413002461e-01-2.491945401e-02-2.384387143e-02-2.271377482e-02-2.156392485e-02
-2.039339580e-02-1.921977475e-02-1.806869917e-02-1.697514206e-02-1.599056646e-02
-1.517673396e-02-1.460151188e-02-1.433140319e-02-1.443015411e-02-1.495157834e-02
-1.593632996e-02-1.740594022e-02-1.936171576e-02-2.179969475e-02-2.472992428e-02
-2.815279737e-02-3.205942735e-02-3.644018248e-02-4.127983376e-02-4.655931517e-02
-5.224842206e-02-5.832620710e-02-6.476276368e-02-7.146116346e-02-7.824897021e-02
-8.503247797e-02-9.170769900e-02-9.816779196e-02-1.043159440e-01-1.100780740e-01
-1.154104546e-01-1.203009486e-01-1.248100847e-01-1.289995462e-01-1.328515559e-01
-1.363996863e-01-1.396664679e-01-2.484458871e-02-2.363901213e-02-2.236061916e-02
-2.094277367e-02-1.939426549e-02-1.774125732e-02-1.602143794e-02-1.429387182e-02
-1.263630483e-02-1.113508642e-02-9.874107316e-03-8.924777620e-03-8.352761157e-03
-8.214497007e-03-8.567006327e-03-9.467949159e-03-1.097184326e-02-1.311132591e-02
-1.586793736e-02-1.916681230e-02-2.294575796e-02-2.721100487e-02-3.194131702e-02
-3.710921854e-02-4.268573597e-02-4.863492772e-02-5.491876975e-02-6.149689481e-02
-6.812860072e-02-7.478220761e-02-8.146293461e-02-8.811113983e-02-9.466144443e-02
-1.010573730e-01-1.072560176e-01-1.132275835e-01-1.189541668e-01-1.244298667e-01
-1.297668517e-01-1.348289847e-01-1.395836622e-01-2.458044142e-02-2.326440625e-02
-2.173219249e-02-1.998188347e-02-1.802415960e-02-1.588384062e-02-1.362046041e-02
-1.132526994e-02-9.104926139e-03-7.058442105e-03-5.258311983e-03-3.755697282e-03
-2.600908978e-03-1.845804742e-03-1.543489052e-03-1.747808885e-03-2.512780949e-03
-3.891760949e-03-5.940784700e-03-8.731567301e-03-1.232344564e-02-1.662724651e-02
-2.142282948e-02-2.665347606e-02-3.230702877e-02-3.834369034e-02-4.472478479e-02
-5.140718073e-02-5.833685771e-02-6.525509059e-02-7.227274030e-02-7.940106839e-02
-8.657965064e-02-9.376269579e-02-1.009119302e-01-1.079923585e-01-1.149702966e-01
-1.218104437e-01-1.285528392e-01-1.351923496e-01-1.415277719e-01-2.427949756e-02
-2.275128663e-02-2.094367146e-02-1.885209233e-02-1.648848131e-02-1.389628462e-02
-1.116903219e-02-8.428324014e-03-5.783047061e-03-3.303274745e-03-1.039786148e-03
 9.572359850e-04 2.637137659e-03 3.948624711e-03 4.839817062e-03 5.258239806e-03
 5.150624085e-03 4.462399054e-03 3.136531450e-03 1.112544211e-03-1.669572433e-03
-5.264277570e-03-9.749921039e-03-1.513846405e-02-2.108474635e-02-2.740660682e-02
-3.408967704e-02-4.109038413e-02-4.836404696e-02-5.587540567e-02-6.358157843e-02
-7.141403109e-02-7.940034568e-02-8.751853555e-02-9.574511647e-02-1.040526405e-01
-1.124087870e-01-1.207715794e-01-1.291749328e-01-1.376206875e-01-1.458371431e-01
-2.389181033e-02-2.215610817e-02-2.008361928e-02-1.766683906e-02-1.493158564e-02
-1.195294689e-02-8.854544722e-03-5.763989873e-03-2.759020310e-03 1.091524464e-04
 2.789868508e-03 5.232044961e-03 7.384328172e-03 9.195030667e-03 1.061201189e-02
 1.158251893e-02 1.205305383e-02 1.196920685e-02 1.127539389e-02 9.914615192e-03
 7.827773690e-03 4.951658659e-03 1.216163510e-03-3.447330091e-03-9.106725454e-03
-1.580284350e-02-2.300715260e-02-3.055650368e-02-3.842771798e-02-4.660392925e-02
-5.507512018e-02-6.373859942e-02-7.262505591e-02-8.177663386e-02-9.118539840e-02
-1.008437872e-01-1.107420772e-01-1.208608076e-01-1.312564313e-01-1.419380903e-01
-1.526171863e-01-2.348911203e-02-2.155058458e-02-1.922640018e-02-1.651211642e-02
-1.345176995e-02-1.015337743e-02-6.756085902e-03-3.364928300e-03-3.391283462e-05
 3.186232178e-03 6.244238466e-03 9.088546038e-03 1.166731212e-02 1.392816845e-02
 1.581805386e-02 1.728298515e-02 1.826797426e-02 1.871716604e-02 1.857369766e-02
 1.777995005e-02 1.627706364e-02 1.400413550e-02 1.089637261e-02 6.882391870e-03
 1.878995099e-03-4.204274155e-03-1.145122945e-02-1.967757754e-02-2.824135497e-02
-3.713845462e-02-4.636548087e-02-5.592148751e-02-6.576953828e-02-7.598966360e-02
-8.660663664e-02-9.764991701e-02-1.091578007e-01-1.211748421e-01-1.338381767e-01
-1.472522616e-01-1.612227857e-01-2.310304344e-02-2.097563632e-02-1.842103340e-02
-1.543966495e-02-1.210295223e-02-8.541127667e-03-4.891810939e-03-1.228973852e-03
 2.397102769e-03 5.935394205e-03 9.334472008e-03 1.254260261e-02 1.550755184e-02
 1.817622595e-02 2.049439400e-02 2.240627818e-02 2.385460399e-02 2.478087135e-02
 2.512539923e-02 2.482801676e-02 2.382807434e-02 2.206457220e-02 1.947490126e-02
 1.599265076e-02 1.154391188e-02 6.041960791e-03-6.190098356e-04-8.543857373e-03
-1.776601002e-02-2.740349062e-02-3.738525882e-02-4.772413895e-02-5.845426396e-02
-6.966571510e-02-8.136674762e-02-9.362903237e-02-1.065504476e-01-1.202614754e-01
-1.350438893e-01-1.512185186e-01-1.688807160e-01-2.274988405e-02-2.045194246e-02
-1.769065484e-02-1.447957102e-02-1.091023907e-02-7.129131816e-03-3.258171957e-03
 6.478329306e-04 4.538196605e-03 8.361789398e-03 1.206721272e-02 1.560270414e-02
 1.891574450e-02 2.195251547e-02 2.465745620e-02 2.697275952e-02 2.883866802e-02
 3.019388951e-02 3.097604960e-02 3.112209961e-02 3.056859225e-02 2.925190702e-02
 2.710850537e-02 2.407436445e-02 2.008311823e-02 1.506019384e-02 8.914622478e-03
 1.531082671e-03-7.225654554e-03-1.744425669e-02-2.812593244e-02-3.916734084e-02
-5.060167611e-02-6.252712756e-02-7.500562817e-02-8.807793260e-02-1.018733084e-01
-1.165650263e-01-1.325161308e-01-1.501782387e-01-1.698600203e-01-2.243828028e-02
-1.999143884e-02-1.705242507e-02-1.364680845e-02-9.886072017e-03-5.922001321e-03
-1.854093513e-03 2.266962314e-03 6.390741561e-03 1.046640147e-02 1.444281172e-02
 1.826831512e-02 2.189012989e-02 2.525358461e-02 2.830150351e-02 3.097411059e-02
 3.320977464e-02 3.494535759e-02 3.611659259e-02 3.665838763e-02 3.650510311e-02
 3.559082001e-02 3.384974226e-02 3.121659718e-02 2.762665600e-02 2.301407978e-02
 1.730595529e-02 1.040934492e-02 2.200231887e-03-7.475143299e-03-1.868891530e-02
-3.028982133e-02-4.225581139e-02-5.463006347e-02-6.746334583e-02-8.081809431e-02
-9.478518367e-02-1.094862893e-01-1.252066493e-01-1.422618628e-01-1.606979668e-01
-2.217245102e-02-1.959985122e-02-1.651258767e-02-1.294602081e-02-9.027926251e-03
-4.910799209e-03-6.746873842e-04 3.630604362e-03 7.954766974e-03 1.224717498e-02
 1.645691693e-02 2.053236589e-02 2.442025952e-02 2.806486376e-02 3.140743449e-02
 3.438688442e-02 3.694033623e-02 3.900361806e-02 4.051164538e-02 4.139863700e-02
 4.159823060e-02 4.104343057e-02 3.966691345e-02 3.740166873e-02 3.418205678e-02
 2.994446270e-02 2.462581918e-02 1.815721765e-02 1.044613309e-02 1.361827482e-03
-9.254753590e-03-2.130874805e-02-3.362420946e-02-4.622155428e-02-5.912752450e-02
-7.237378508e-02-8.599521220e-02-1.000279784e-01-1.146213785e-01-1.298915148e-01
-1.455800384e-01-2.195516601e-02-1.928027719e-02-1.607248560e-02-1.237880811e-02
-8.336788975e-03-4.093826283e-03 2.811268787e-04 4.738457035e-03 9.228052571e-03
 1.369956601e-02 1.810221188e-02 2.238422818e-02 2.649176866e-02 3.036790527e-02
 3.395272419e-02 3.718417510e-02 3.999866545e-02 4.233169928e-02 4.411838949e-02
 4.529359937e-02 4.579183832e-02 4.554665461e-02 4.449068010e-02 4.255593941e-02
 3.967521712e-02 3.578429297e-02 3.082331456e-02 2.473480068e-02 1.745399460e-02
 8.884236217e-03-1.118454617e-03-1.271742769e-02-2.527497336e-02-3.796097636e-02
-5.078822747e-02-6.375876814e-02-7.686529309e-02-9.008765966e-02-1.034676209e-01
-1.169985905e-01-1.304012835e-01-2.178811841e-02-1.903481036e-02-1.573484018e-02
-1.194438245e-02-7.807848044e-03-3.468016861e-03 1.014317386e-03 5.589523353e-03
 1.020760741e-02 1.481830887e-02 1.937090605e-02 2.381331474e-02 2.809106186e-02
 3.214609995e-02 3.591762483e-02 3.934282437e-02 4.235766083e-02 4.489772022e-02
 4.689894244e-02 4.829779640e-02 4.903135449e-02 4.903581738e-02 4.824528843e-02
 4.659142345e-02 4.400523752e-02 4.042102396e-02 3.577940539e-02 3.002846427e-02
 2.311930619e-02 1.499030646e-02 5.535956472e-03-5.395706277e-03-1.792190969e-02
-3.061336838e-02-4.332099110e-02-5.601595715e-02-6.866439432e-02-8.122253418e-02
-9.368091077e-02-1.059946865e-01-1.179549992e-01-2.167203091e-02-1.886431500e-02
-1.550040022e-02-1.164285187e-02-7.440709043e-03-3.033292014e-03 1.524152001e-03
 6.181973033e-03 1.089018211e-02 1.559859794e-02 2.025638334e-02 2.481122129e-02
 2.920788340e-02 3.338754550e-02 3.728862852e-02 4.084760696e-02 4.399994761e-02
 4.668099806e-02 4.882683605e-02 5.037427321e-02 5.126765743e-02 5.145070702e-02
 5.086210370e-02 4.943026975e-02 4.707755893e-02 4.373861104e-02 3.935441375e-02
 3.387583420e-02 2.726273611e-02 1.947412826e-02 1.043958776e-02 3.363391079e-05
-1.189413294e-02-2.473501116e-02-3.742462397e-02-4.995274171e-02-6.229109317e-02
-7.439886779e-02-8.626825362e-02-9.786966443e-02-1.090254784e-01-2.160716243e-02
-1.876908541e-02-1.536958292e-02-1.147479657e-02-7.236512378e-03-2.790602623e-03
 1.809397247e-03 6.513947621e-03 1.127312332e-02 1.603677683e-02 2.075404674e-02
 2.537235245e-02 2.983607538e-02 3.408581391e-02 3.805945069e-02 4.169286415e-02
 4.492092878e-02 4.767841846e-02 4.990027472e-02 5.152531713e-02 5.250406638e-02
 5.278919265e-02 5.232183263e-02 5.103030428e-02 4.883120954e-02 4.565104842e-02
 4.143319651e-02 3.613088652e-02 2.970881946e-02 2.213640139e-02 1.336553600e-02
 3.294690745e-03-8.213833906e-03-2.111228555e-02-3.378135711e-02-4.620788246e-02
-5.836818367e-02-7.022432983e-02-8.177658916e-02-9.300793707e-02-1.037608236e-01
-2.159361728e-02-1.874921098e-02-1.534218248e-02-1.143956184e-02-7.193705533e-03
-2.739499789e-03 1.869711559e-03 6.584440824e-03 1.135480776e-02 1.613068953e-02
 2.086123638e-02 2.549382113e-02 2.997275256e-02 3.423850238e-02 3.822883591e-02
 4.187948257e-02 4.512513801e-02 4.790033773e-02 5.013963580e-02 5.178306997e-02
 5.278358981e-02 5.309496820e-02 5.265925080e-02 5.140573904e-02 4.925005510e-02
 4.611557722e-02 4.194676876e-02 3.669760749e-02 3.033417650e-02 2.282831445e-02
 1.413674839e-02 4.163233563e-03-7.232068107e-03-2.011122368e-02-3.275015205e-02
-4.512801021e-02-5.721903220e-02-6.898602098e-02-8.042992651e-02-9.153632075e-02
-1.021576226e-01-2.163145132e-02-1.880469173e-02-1.541826595e-02-1.153709553e-02
-7.311927155e-03-2.880065469e-03 1.704704482e-03 6.392833777e-03 1.113441773e-02
 1.587935165e-02 2.057683468e-02 2.517443150e-02 2.961671725e-02 3.384455293e-02
 3.779607639e-02 4.140745848e-02 4.461389780e-02 4.735055566e-02 4.955302179e-02
 5.115837976e-02 5.211546272e-02 5.237609893e-02 5.188111216e-02 5.055812374e-02
 4.832712933e-02 4.511718079e-02 4.087173194e-02 3.554416075e-02 2.909906581e-02
 2.150480077e-02 1.271011960e-02 2.611243166e-03-8.926231414e-03-2.178638242e-02
-3.441548720e-02-4.680412635e-02-5.893004313e-02-7.075586170e-02-8.227813244e-02
-9.347601235e-02-1.041989326e-01-2.172092162e-02-1.893599331e-02-1.559855975e-02
-1.176870801e-02-7.593569811e-03-3.213727148e-03 1.313528861e-03 5.938662216e-03
 1.061178744e-02 1.528279856e-02 1.990101114e-02 2.441432513e-02 2.876789495e-02
 3.290332109e-02 3.675946221e-02 4.027320445e-02 4.338034615e-02 4.601667821e-02
 4.811847210e-02 4.962296784e-02 5.046974868e-02 5.060305819e-02 4.995984584e-02
 4.846891761e-02 4.605895653e-02 4.266488180e-02 3.822873160e-02 3.270200267e-02
 2.604397759e-02 1.821038313e-02 9.122934192e-03-1.351864426e-03-1.336522028e-02
-2.608612552e-02-3.867901117e-02-5.112522468e-02-6.339235604e-02-7.543733716e-02
-8.724679053e-02-9.878657758e-02-1.098858938e-01-2.186215855e-02-1.914336719e-02
-1.588351652e-02-1.213506144e-02-8.039409295e-03-3.741081804e-03 6.959320162e-04
 5.222149193e-03 9.787687100e-03 1.434239652e-02 1.883569732e-02 2.321578749e-02
 2.742857300e-02 3.141667321e-02 3.511976823e-02 3.847549483e-02 4.142014682e-02
 4.388953000e-02 4.581942409e-02 4.714590311e-02 4.780528694e-02 4.773349315e-02
 4.686460271e-02 4.513104632e-02 4.246559367e-02 3.880441934e-02 3.408977389e-02
 2.827046998e-02 2.129654586e-02 1.310162060e-02 3.576652845e-03-7.419174537e-03
-1.994093880e-02-3.252007067e-02-4.511601478e-02-5.770608410e-02-7.025817782e-02
-8.272843808e-02-9.510219097e-02-1.073302850e-01-1.192109957e-01-2.205505222e-02
-1.942671835e-02-1.627324894e-02-1.263653953e-02-8.649839088e-03-4.462558776e-03
-1.481438376e-04 4.243954085e-03 8.663731627e-03 1.306091901e-02 1.738489047e-02
 2.158406191e-02 2.560504712e-02 2.939165197e-02 3.288452327e-02 3.602213413e-02
 3.874132037e-02 4.097784683e-02 4.266691580e-02 4.374333099e-02 4.414141551e-02
 4.379485920e-02 4.263666272e-02 4.059980437e-02 3.761842847e-02 3.362963721e-02
 2.857394889e-02 2.239188552e-02 1.501193736e-02 6.326651201e-03-3.813256510e-03
-1.556077506e-02-2.790100127e-02-4.040609673e-02-5.307904258e-02-6.591465324e-02
-7.890160382e-02-9.201716632e-02-1.052933261e-01-1.187155247e-01-1.320175976e-01
-2.229911461e-02-1.978552900e-02-1.676705293e-02-1.327444240e-02-9.428008460e-03
-5.380568560e-03-1.219976693e-03 3.004149999e-03 7.241628133e-03 1.144196186e-02
 1.555432752e-02 1.952723414e-02 2.330782451e-02 2.684101276e-02 3.006882034e-02
 3.293076530e-02 3.536456451e-02 3.730648383e-02 3.869178891e-02 3.945498914e-02
 3.953002766e-02 3.885041550e-02 3.734960780e-02 3.496162966e-02 3.162181377e-02
 2.726664394e-02 2.183127776e-02 1.523992233e-02 7.388401311e-03-1.863423735e-03
-1.267004944e-02-2.451848611e-02-3.664021194e-02-4.906038567e-02-6.180655211e-02
-7.490921021e-02-8.840165287e-02-1.023186445e-01-1.167966574e-01-1.319404393e-01
-1.475121379e-01-2.259257436e-02-2.021800540e-02-1.736394688e-02-1.405046787e-02
-1.037960779e-02-6.500632036e-03-2.522898139e-03 1.501478488e-03 5.522289779e-03
 9.488849901e-03 1.335012075e-02 1.705457270e-02 2.054968849e-02 2.378131635e-02
 2.669311874e-02 2.922612987e-02 3.131942078e-02 3.291052207e-02 3.393580765e-02
 3.433081508e-02 3.403059766e-02 3.297006339e-02 3.108435310e-02 2.830892429e-02
 2.457896248e-02 1.982694678e-02 1.397417206e-02 6.920002401e-03-1.463594264e-03
-1.131809782e-02-2.237858251e-02-3.378431499e-02-4.555895552e-02-5.775861070e-02
-7.043714821e-02-8.365046978e-02-9.748699516e-02-1.120678857e-01-1.276659220e-01
-1.445859820e-01-1.628953367e-01-2.293212339e-02-2.071991563e-02-1.806121506e-02
-1.496239658e-02-1.150474418e-02-7.827444933e-03-4.060740583e-03-2.664751082e-04
 3.505145898e-03 7.203302812e-03 1.077678613e-02 1.417398732e-02 1.734261401e-02
 2.022923157e-02 2.277889661e-02 2.493463270e-02 2.663765289e-02 2.782752924e-02
 2.844274789e-02 2.842100523e-02 2.769963443e-02 2.621582896e-02 2.390642092e-02
 2.070689946e-02 1.654771529e-02 1.134927850e-02 5.014667287e-03-2.572724363e-03
-1.153610088e-02-2.162486874e-02-3.207923844e-02-4.290164262e-02-5.412369967e-02
-6.587123871e-02-7.820787281e-02-9.114301205e-02-1.048083380e-01-1.193780750e-01
-1.352029741e-01-1.527243257e-01-1.722726524e-01-2.331333980e-02-2.128527686e-02
-1.884967461e-02-1.600341871e-02-1.280331239e-02-9.368338622e-03-5.840151571e-03
-2.304846188e-03 1.186593203e-03 4.583415575e-03 7.834404707e-03 1.088798605e-02
 1.369214524e-02 1.619408838e-02 1.834003255e-02 2.007491328e-02 2.134226635e-02
 2.208428830e-02 2.224233374e-02 2.175684087e-02 2.056754008e-02 1.861290634e-02
 1.582895219e-02 1.214649435e-02 7.487441413e-03 1.761059742e-03-5.136324093e-03
-1.331898943e-02-2.235401608e-02-3.175373748e-02-4.150650650e-02-5.162741616e-02
-6.215559691e-02-7.320325822e-02-8.475277573e-02-9.687430412e-02-1.096652150e-01
-1.232556328e-01-1.379107088e-01-1.539374292e-01-1.714598089e-01-2.372667007e-02
-2.190158144e-02-1.971440576e-02-1.715745032e-02-1.426377241e-02-1.112307329e-02
-7.869699970e-03-4.621158820e-03-1.440329012e-03 1.622517128e-03 4.516501911e-03
 7.190341596e-03 9.592409246e-03 1.167059038e-02 1.337212510e-02 1.464342885e-02
 1.543002017e-02 1.567630842e-02 1.532575581e-02 1.432056539e-02 1.260111481e-02
 1.010482386e-02 6.764592603e-03 2.506042831e-03-2.752979053e-03-9.098204784e-03
-1.657683216e-02-2.454430237e-02-3.287732974e-02-4.155434668e-02-5.057280511e-02
-5.992906913e-02-6.959451735e-02-7.964729518e-02-9.011019021e-02-1.010122597e-01
-1.123913676e-01-1.242917627e-01-1.368293166e-01-1.500897855e-01-1.639164835e-01
-2.415347472e-02-2.254410088e-02-2.062509581e-02-1.838950068e-02-1.585121453e-02
-1.306953654e-02-1.015143842e-02-7.222941145e-03-4.384518601e-03-1.690017642e-03
 8.101703133e-04 3.065288067e-03 5.024191458e-03 6.635338999e-03 7.846662775e-03
 8.605368435e-03 8.857759647e-03 8.549083024e-03 7.623355370e-03 6.022784859e-03
 3.686285112e-03 5.483150017e-04-3.455948783e-03-8.401679806e-03-1.436683349e-02
-2.097779699e-02-2.796908282e-02-3.531722352e-02-4.299937189e-02-5.099957436e-02
-5.930464342e-02-6.778230518e-02-7.648573816e-02-8.547135442e-02-9.472927451e-02
-1.042505950e-01-1.140243188e-01-1.240305305e-01-1.343033910e-01-1.448333859e-01
-1.553699076e-01-2.455942333e-02-2.316664718e-02-2.152406983e-02-1.962921210e-02
-1.749092713e-02-1.513910573e-02-1.264433376e-02-1.011219248e-02-7.655770052e-03
-5.366605707e-03-3.301188815e-03-1.509041293e-03-4.086533590e-05 1.052195788e-03
 1.718343934e-03 1.904545818e-03 1.556113479e-03 6.167478859e-04-9.702389361e-04
-3.260259284e-03-6.314300001e-03-1.022229809e-02-1.498316135e-02-2.033079974e-02
-2.609160729e-02-3.225930780e-02-3.878605738e-02-4.563713819e-02-5.277472734e-02
-6.017298624e-02-6.774406135e-02-7.538060844e-02-8.319609612e-02-9.116128087e-02
-9.924916178e-02-1.074304879e-01-1.156715453e-01-1.239294633e-01-1.322164387e-01
-1.405157149e-01-1.485942304e-01-2.487337403e-02-2.369491197e-02-2.233090252e-02
-2.078332193e-02-1.906538755e-02-1.719603688e-02-1.521682832e-02-1.319820248e-02
-1.123180799e-02-9.414701723e-03-7.832678966e-03-6.553437561e-03-5.630960222e-03
-5.115557928e-03-5.057916045e-03-5.511146504e-03-6.533484440e-03-8.190610446e-03
-1.054830663e-02-1.362590306e-02-1.734030433e-02-2.155065909e-02-2.623045631e-02
-3.136192262e-02-3.690503910e-02-4.283021763e-02-4.910068959e-02-5.567297712e-02
-6.249166280e-02-6.929080933e-02-7.617935538e-02-8.316946030e-02-9.021399915e-02
-9.727130085e-02-1.043037474e-01-1.112762764e-01-1.181545332e-01-1.249021813e-01
-1.315328181e-01-1.380310804e-01-1.442358047e-01-2.512943745e-02-2.406374924e-02
-2.294649743e-02-2.172333002e-02-2.040855587e-02-1.902742684e-02-1.761144213e-02
-1.620601304e-02-1.487209927e-02-1.368388068e-02-1.272029243e-02-1.205643825e-02
-1.176059339e-02-1.189498883e-02-1.251417026e-02-1.366243511e-02-1.536292117e-02
-1.760655828e-02-2.035899274e-02-2.360455692e-02-2.734730206e-02-3.156421334e-02
-3.623451665e-02-4.133773595e-02-4.684696719e-02-5.272883922e-02-5.894574896e-02
-6.545848399e-02-7.197902352e-02-7.851482928e-02-8.508504927e-02-9.162694961e-02
-9.807507694e-02-1.043738052e-01-1.104808822e-01-1.163668483e-01-1.220130250e-01
-1.274095178e-01-1.326148659e-01-1.375507414e-01-1.421887130e-01-2.517741919e-02
-2.422785200e-02-2.324846387e-02-2.227497101e-02-2.131213993e-02-2.038048394e-02
-1.950177364e-02-1.870703697e-02-1.803438365e-02-1.753312349e-02-1.726046391e-02
-1.727310754e-02-1.762339845e-02-1.835439727e-02-1.949220151e-02-2.106387913e-02
-2.308848314e-02-2.558022551e-02-2.854258008e-02-3.197593987e-02-3.587931767e-02
-4.024524242e-02-4.506029561e-02-5.030810088e-02-5.596195161e-02-6.200544164e-02
-6.840188056e-02-7.502204925e-02-8.172674477e-02-8.842618763e-02-9.501894563e-02
-1.013996899e-01-1.074723527e-01-1.131632477e-01-1.184292361e-01-1.232591346e-01
-1.276855618e-01-1.317584515e-01-1.355016083e-01-1.389480382e-01-1.421196610e-01
-2.471052483e-02-2.376725897e-02-2.291000076e-02-2.217372507e-02-2.155512571e-02
-2.105449699e-02-2.067395300e-02-2.042476274e-02-2.032797225e-02-2.041346207e-02
-2.071717940e-02-2.127768658e-02-2.213319764e-02-2.331909537e-02-2.486634068e-02
-2.680274658e-02-2.915236913e-02-3.193561733e-02-3.516858444e-02-3.886315599e-02
-4.302652553e-02-4.765938222e-02-5.275227875e-02-5.827685818e-02-6.424001604e-02
-7.084532082e-02-7.783801854e-02-8.507154882e-02-9.242975712e-02-9.975195676e-02
-1.068392321e-01-1.134752333e-01-1.194654629e-01-1.246747822e-01-1.290564388e-01
-1.326641291e-01-1.356164515e-01-1.380599290e-01-1.401322633e-01-1.419426948e-01
-1.435657144e-01-2.312641218e-02-2.210576832e-02-2.147588320e-02-2.113384195e-02
-2.099792659e-02-2.100552060e-02-2.113589831e-02-2.139186300e-02-2.179062180e-02
-2.235808223e-02-2.312513627e-02-2.412511781e-02-2.539196983e-02-2.695898898e-02
-2.885810845e-02-3.111956269e-02-3.377176449e-02-3.684135526e-02-4.035333917e-02
-4.433126375e-02-4.879736155e-02-5.377242714e-02-5.927701667e-02-6.533503532e-02
-7.200058550e-02-7.929151505e-02-8.715784550e-02-9.552567452e-02-1.042692885e-01
-1.131480262e-01-1.217521727e-01-1.295555830e-01-1.359995455e-01-1.408296973e-01
-1.439272314e-01-1.455487013e-01-1.461787820e-01-1.462492198e-01-1.460969597e-01
-1.459127069e-01-1.457872987e-01-1.775320806e-02-1.797661185e-02-1.867066883e-02
-1.930697262e-02-1.991401426e-02-2.051628008e-02-2.115053684e-02-2.185328305e-02
-2.266072854e-02-2.360903472e-02-2.473380230e-02-2.607003041e-02-2.765193209e-02
-2.951300517e-02-3.168620542e-02-3.420394287e-02-3.709795699e-02-4.040034488e-02
-4.414391145e-02-4.836269096e-02-5.309377983e-02-5.837972462e-02-6.426898390e-02
-7.082259655e-02-7.811322808e-02-8.622480184e-02-9.525358677e-02-1.052896008e-01
-1.164272949e-01-1.286541224e-01-1.414716244e-01-1.532406062e-01-1.617661864e-01
-1.661234051e-01-1.662725508e-01-1.631568968e-01-1.589563787e-01-1.551188082e-01
-1.519621611e-01-1.494624466e-01-1.475178301e-01-1.378146466e-02-1.478469372e-02
-1.654386148e-02-1.796002686e-02-1.912787557e-02-2.014587075e-02-2.111463994e-02
-2.210819907e-02-2.318249084e-02-2.438187413e-02-2.574358508e-02-2.730289102e-02
-2.909311466e-02-3.114769422e-02-3.350012004e-02-3.618501499e-02-3.923165426e-02
-4.267536476e-02-4.655655101e-02-5.091477185e-02-5.578237399e-02-6.121361628e-02
-6.727598608e-02-7.405549288e-02-8.166345209e-02-9.025015682e-02-1.000271291e-01
-1.113105118e-01-1.246040538e-01-1.407595277e-01-1.614059955e-01-1.821259111e-01
-1.940990537e-01-1.977942735e-01-1.919099987e-01-1.785783023e-01-1.677772850e-01
-1.600436568e-01-1.544040591e-01-1.501959413e-01-1.469983160e-01-1.463938970e-02
-1.558763068e-02-1.709798165e-02-1.831038855e-02-1.934932359e-02-2.030339837e-02
-2.127113938e-02-2.232620493e-02-2.349709533e-02-2.480966412e-02-2.629393153e-02
-2.795741707e-02-2.983860299e-02-3.198464960e-02-3.443111107e-02-3.718795627e-02
-4.028913751e-02-4.377096146e-02-4.767742380e-02-5.202418938e-02-5.684505776e-02
-6.219066307e-02-6.812294573e-02-7.471995056e-02-8.208247274e-02-9.034404159e-02
-9.968461096e-02-1.103609130e-01-1.227569506e-01-1.374677569e-01-1.557414085e-01
-1.739188582e-01-1.844136119e-01-1.877235472e-01-1.825855672e-01-1.712949127e-01
-1.622769386e-01-1.554497182e-01-1.502107531e-01-1.461370140e-01-1.429336369e-01
-1.471739169e-02-2.005948871e-02-1.996420138e-02-2.018837631e-02-2.058036439e-02
-2.108657546e-02-2.179208212e-02-2.269979939e-02-2.380776405e-02-2.504231036e-02
-2.647715807e-02-2.815360762e-02-3.007027693e-02-3.222090006e-02-3.464104608e-02
-3.736491501e-02-4.042649642e-02-4.385131598e-02-4.765520617e-02-5.184895918e-02
-5.645202845e-02-6.149451062e-02-6.701518595e-02-7.305959612e-02-7.967854291e-02
-8.692552149e-02-9.485129267e-02-1.034838781e-01-1.127894297e-01-1.225719154e-01
-1.322623193e-01-1.408878863e-01-1.471911967e-01-1.505476683e-01-1.509410143e-01
-1.491633654e-01-1.463468969e-01-1.432927102e-01-1.404110640e-01-1.378807724e-01
-1.580028087e-01
 1.916935205e+00 1.925065994e+00 1.938198924e+00 1.966059804e+00 2.003057957e+00
 2.046497107e+00 2.093806744e+00 2.144941568e+00 2.199893713e+00 2.258280993e+00
 2.320485592e+00 2.386672974e+00 2.456431389e+00 2.531073809e+00 2.609406948e+00
 2.693203688e+00 2.781568289e+00 2.875044823e+00 2.975085258e+00 3.080276251e+00
 3.192960262e+00 3.312817812e+00 3.440982103e+00 3.579880953e+00 3.728406668e+00
 3.889719248e+00 4.065879822e+00 4.258282185e+00 4.470692635e+00 4.704698563e+00
 4.966125011e+00 5.257831573e+00 5.586317062e+00 5.968771935e+00 6.422410488e+00
 7.010392666e+00 7.809042454e+00 8.941843987e+00 1.063427734e+01 1.352752686e+01
 1.935223770e+01
  201   33
 2.059852481e-01-1.813027821e-02 2.060323507e-01 7.761553861e-03 2.061589360e-01
 3.369661421e-02 2.063665539e-01 5.971880257e-02 2.066576779e-01 8.587241918e-02
 2.070353627e-01 1.122024506e-01 2.075033784e-01 1.387548149e-01 2.080669701e-01
 1.655764878e-01 2.087325752e-01 1.927157938e-01 2.095075101e-01 2.202226967e-01
 2.104007304e-01 2.481489182e-01 2.114228755e-01 2.765481770e-01 2.125871629e-01
 3.054761887e-01 2.139081657e-01 3.349912167e-01 2.154037654e-01 3.651537597e-01
 2.170964330e-01 3.960259557e-01 2.190088332e-01 4.276739955e-01 2.211711258e-01
 4.601647258e-01 2.236208469e-01 4.935651124e-01 2.263927460e-01 5.279488564e-01
 2.295430750e-01 5.633803606e-01 2.331300527e-01 5.999262929e-01 2.372273356e-01
 6.376452446e-01 2.419310659e-01 6.765787601e-01 2.473244220e-01 7.167794108e-01
 2.535601854e-01 7.582333088e-01 2.607187629e-01 8.009898663e-01 2.690261006e-01
 8.449386954e-01 2.785216272e-01 8.901588917e-01 2.895188332e-01 9.363940358e-01
 3.020648956e-01 9.836815000e-01 3.165759444e-01 1.031529188e+00 3.330737948e-01
 1.079929590e+00 3.519606292e-01 1.128242731e+00 3.733047545e-01 1.176255226e+00
 3.979297280e-01 1.222227812e+00 4.273121655e-01 1.262484550e+00 4.642477334e-01
 1.289069891e+00 5.085310340e-01 1.298757315e+00 5.568237901e-01 1.295955300e+00
 6.063792706e-01 1.285405517e+00 6.557993293e-01 1.269614577e+00 7.043552995e-01
 1.249875188e+00 7.515151501e-01 1.227398157e+00 7.969309092e-01 1.203261018e+00
 8.405431509e-01 1.177572012e+00 8.823485970e-01 1.150047541e+00 9.221489429e-01
 1.122007966e+00 9.599457383e-01 1.094138384e+00 9.958850741e-01 1.064997792e+00
 1.029923797e+00 1.035702825e+00 1.062141538e+00 1.007056594e+00 1.092573643e+00
 9.776608944e-01 1.121255517e+00 9.480593801e-01 1.148336411e+00 9.192019701e-01
 1.173731208e+00 8.898338675e-01 1.197486281e+00 8.602632880e-01 1.219797254e+00
 8.313150406e-01 1.240532517e+00 8.021366596e-01 1.259812236e+00 7.731509805e-01
 1.277839184e+00 7.448750734e-01 1.294514894e+00 7.168000340e-01 1.309880495e+00
 6.889597774e-01 1.324297190e+00 6.621266603e-01 1.337622881e+00 6.357637644e-01
 1.349888921e+00 6.098367572e-01 1.361444116e+00 5.849030614e-01 1.372278929e+00
 5.607606769e-01 1.382292986e+00 5.371147990e-01 1.391617537e+00 5.140859485e-01
 1.400527954e+00 4.919626415e-01 1.408961535e+00 4.705222845e-01 1.416847110e+00
 4.495797157e-01 1.424210668e+00 4.291005135e-01 1.431216002e+00 4.092026353e-01
 1.437945604e+00 3.898916245e-01 1.444376707e+00 3.710669875e-01 1.450469255e+00
 3.526304364e-01 1.456245899e+00 3.345541060e-01 1.461769938e+00 3.168440163e-01
 1.467005372e+00 2.994281650e-01 1.471954226e+00 2.822733819e-01 1.476642370e+00
 2.653660476e-01 1.481105208e+00 2.486977577e-01 1.485387802e+00 2.322632819e-01
 1.489453316e+00 2.160117775e-01 1.493259192e+00 1.998988986e-01 1.496768475e+00
 1.838915199e-01 1.499959707e+00 1.679701507e-01 1.502903104e+00 1.521528363e-01
 1.505604386e+00 1.364277750e-01 1.508046389e+00 1.207772419e-01 1.510213017e+00
 1.051871181e-01 1.512087345e+00 8.964612335e-02 1.513670921e+00 7.414948195e-02
 1.514994025e+00 5.869738013e-02 1.516058087e+00 4.328283295e-02 1.516861200e+00
 2.789893001e-02 1.517400742e+00 1.253924519e-02 1.517673731e+00-2.802048111e-03
 1.517679095e+00-1.813020743e-02 1.517420173e+00-3.345031291e-02 1.516900420e+00
-4.876809567e-02 1.516124487e+00-6.408961862e-02 1.515096068e+00-7.942163944e-02
 1.513813376e+00-9.477069974e-02 1.512256145e+00-1.101399362e-01 1.510435820e+00
-1.255372763e-01 1.508366346e+00-1.409732848e-01 1.506059408e+00-1.564603001e-01
 1.503524065e+00-1.720121801e-01 1.500724196e+00-1.876287013e-01 1.497609973e+00
-2.033001930e-01 1.494212985e+00-2.190459967e-01 1.490573525e+00-2.348954231e-01
 1.486741185e+00-2.508902252e-01 1.482763171e+00-2.670806348e-01 1.478581905e+00
-2.834657431e-01 1.474192500e+00-3.000716269e-01 1.469615579e+00-3.169443607e-01
 1.464828372e+00-3.341067731e-01 1.459808826e+00-3.515831232e-01 1.454464078e+00
-3.693403900e-01 1.448760390e+00-3.873841763e-01 1.442728281e+00-4.057793021e-01
 1.436422586e+00-4.246289134e-01 1.429912329e+00-4.440746307e-01 1.423052788e+00
-4.640474319e-01 1.415722370e+00-4.844804406e-01 1.407894611e+00-5.054070950e-01
 1.399659395e+00-5.270274282e-01 1.390997291e+00-5.494334698e-01 1.381790876e+00
-5.725837350e-01 1.371878028e+00-5.963429809e-01 1.361274242e+00-6.208541393e-01
 1.349917293e+00-6.461526155e-01 1.337685347e+00-6.721564531e-01 1.324454308e+00
-6.987496614e-01 1.310227752e+00-7.260969281e-01 1.294848919e+00-7.539875507e-01
 1.278157711e+00-7.821151018e-01 1.260290980e+00-8.110589385e-01 1.240946770e+00
-8.400100470e-01 1.220089674e+00-8.688827753e-01 1.197835088e+00-8.983516097e-01
 1.173966527e+00-9.275794029e-01 1.148481965e+00-9.566137195e-01 1.121458173e+00
-9.864612818e-01 1.092694402e+00-1.015837669e+00 1.062195539e+00-1.045029759e+00
 1.029923916e+00-1.075142145e+00 9.957715869e-01-1.104876399e+00 9.597080350e-01
-1.134180307e+00 9.215705395e-01-1.164389372e+00 8.813987374e-01-1.193828225e+00
 8.391974568e-01-1.222329974e+00 7.947822809e-01-1.250786185e+00 7.483358383e-01
-1.277883172e+00 7.000675201e-01-1.302836299e+00 6.499434114e-01-1.326031923e+00
 5.981202722e-01-1.347085357e+00 5.448135734e-01-1.365576267e+00 4.902312756e-01
-1.381238341e+00 4.345096350e-01-1.394051671e+00 3.991947472e-01-1.402513504e+00
 3.777809143e-01-1.298032999e+00 3.595276773e-01-1.237576604e+00 3.419656456e-01
-1.181404233e+00 3.254112899e-01-1.128264546e+00 3.104557991e-01-1.076795459e+00
 2.972468436e-01-1.026573777e+00 2.855668962e-01-9.777495861e-01 2.754158974e-01
-9.301738143e-01 2.664530575e-01-8.841179609e-01 2.586728632e-01-8.394291997e-01
 2.518367469e-01-7.962174416e-01 2.459190488e-01-7.543598413e-01 2.407373935e-01
-7.138917446e-01 2.362263799e-01-6.747339368e-01 2.322667688e-01-6.368565559e-01
 2.288016081e-01-6.001796722e-01 2.257536948e-01-5.646438003e-01 2.230652124e-01
-5.301783681e-01 2.206940651e-01-4.967074394e-01 2.185938507e-01-4.641627371e-01
 2.167357057e-01-4.324703515e-01 2.150905579e-01-4.015617371e-01 2.136337310e-01
-3.713705540e-01 2.123477012e-01-3.418315947e-01 2.112144232e-01-3.128838241e-01
 2.102192640e-01-2.844684422e-01 2.093507946e-01-2.565287948e-01 2.085985243e-01
-2.290107757e-01 2.079534680e-01-2.018624246e-01 2.074087560e-01-1.750334203e-01
 2.069583237e-01-1.484752148e-01 2.065971941e-01-1.221406236e-01 2.063217461e-01
-9.598359466e-02 2.061291784e-01-6.995904446e-02 2.060174048e-01-4.402258247e-02
 2.059852481e-01-1.813027821e-02
 1.851000041e-01 0.000000000e+00 1.851000041e-01 1.008100033e+00 2.793999910e-01
 1.171399951e+00 2.793999910e-01 1.577999949e+00 2.978999913e-01 1.603399992e+00
 5.712000132e-01 1.603399992e+00 6.169999838e-01 1.628000021e+00 1.043300033e+00
 1.460287452e+00 1.043300033e+00 1.429999948e+00 1.319200039e+00 1.039700031e+00
 1.335800052e+00 9.976000190e-01 1.485100031e+00 5.450000167e-01 1.483999968e+00
 4.900000095e-01 1.559000015e+00 1.141000018e-01 1.565000057e+00 7.636000216e-02
 1.569000006e+00 3.826100007e-02 1.570000052e+00 0.000000000e+00 1.569000006e+00
-3.826100007e-02 1.565000057e+00-7.636000216e-02 1.559000015e+00-1.141000018e-01
 1.483999968e+00-4.900000095e-01 1.485100031e+00-5.450000167e-01 1.335800052e+00
-9.976000190e-01 1.319200039e+00-1.039700031e+00 1.043300033e+00-1.429999948e+00
 1.043300033e+00-1.460287452e+00 6.169999838e-01-1.628000021e+00 5.712000132e-01
-1.603399992e+00 2.978999913e-01-1.603399992e+00 2.793999910e-01-1.577999949e+00
 2.793999910e-01-1.171399951e+00 1.851000041e-01-1.008100033e+00 1.851000041e-01
 0.000000000e+00
    0 0.000000000e+00    0
 0.000000000e+00 1.080761850e-01 1.506174654e-01 1.847129613e-01 2.139848769e-01
 2.402002662e-01 2.643224597e-01 2.869285047e-01 3.083833754e-01 3.289473951e-01
 3.488077223e-01 3.681097925e-01 3.869653940e-01 4.054681063e-01 4.236932695e-01
 4.417058229e-01 4.595635533e-01 4.773124456e-01 4.949999154e-01 5.126653910e-01
 5.303458571e-01 5.480800271e-01 5.659018159e-01 5.838519335e-01 6.019688845e-01
 6.202894449e-01 6.388618350e-01 6.577323079e-01 6.769554019e-01 6.965899467e-01
 7.167007327e-01 7.373669147e-01 7.586685419e-01 7.807248831e-01 8.037014604e-01
 8.278716207e-01 8.537403941e-01 8.820371032e-01 9.139609337e-01 9.516680837e-01
 1.000672698e+00
    1
 0.000000000e+00 0.000000000e+00 0.000000000e+00 0.000000000e+00 0.000000000e+00
 0.000000000e+00 0.000000000e+00 0.000000000e+00 0.000000000e+00 0.000000000e+00
 0.000000000e+00 0.000000000e+00 0.000000000e+00 0.000000000e+00 0.000000000e+00
 0.000000000e+00 0.000000000e+00 0.000000000e+00 0.000000000e+00 0.000000000e+00
 0.000000000e+00 0.000000000e+00 0.000000000e+00 0.000000000e+00 0.000000000e+00
 0.000000000e+00 0.000000000e+00 0.000000000e+00 0.000000000e+00 0.000000000e+00
 0.000000000e+00 0.000000000e+00 0.000000000e+00 0.000000000e+00 0.000000000e+00
 0.000000000e+00 0.000000000e+00 0.000000000e+00 0.000000000e+00 0.000000000e+00
 0.000000000e+00
