h           loss rate   1   1
 2.000e-03 2.000e-02  -8.875780e+00   3.368544e+01   3.004414e+01
   1.306722e+01   2.780003e+00   2.216913e-01
h           loss rate
 2.000e-02 2.000e-01  -2.274558e+01   2.823806e+00   4.693808e+00
   4.332644e+00   1.994706e+00   3.405031e-01
h           loss rate
 2.000e-01 2.000e+00  -2.322560e+01   4.390245e-01   3.994050e-02
  -7.795893e-02   1.040682e-01   1.536833e-01
h           loss rate
 2.000e+00 2.000e+01  -2.322962e+01   4.768998e-01  -9.974274e-02
   2.169734e-01  -1.969521e-01   6.531130e-02
h           zbar
 2.000e-03 2.000e-02   2.847367e+01   6.613349e+01   6.336157e+01
   3.020339e+01   7.163708e+00   6.763969e-01
h           zbar
 2.000e-02 2.000e-01   9.999999e-01  -1.108249e-07  -1.947401e-07
  -1.671766e-07  -7.021063e-08  -1.155810e-08
h           zbar
 2.000e-01 2.000e+00   1.000000e+00  -0.            -0.
   0.             0.             0.
h           zbar
 2.000e+00 2.000e+01   9.999999e-01   1.065250e-08  -3.093272e-08
   4.222470e-08  -2.731420e-08   6.748284e-09
h           zsqbar
 2.000e-03 2.000e-02   2.847367e+01   6.613349e+01   6.336157e+01
   3.020339e+01   7.163708e+00   6.763969e-01
h           zsqbar
 2.000e-02 2.000e-01   9.999999e-01  -1.108249e-07  -1.947401e-07
  -1.671766e-07  -7.021063e-08  -1.155810e-08
h           zsqbar
 2.000e-01 2.000e+00   1.000000e+00  -0.            -0.
   0.             0.             0.
h           zsqbar
 2.000e+00 2.000e+01   9.999999e-01   1.065250e-08  -3.093272e-08
   4.222470e-08  -2.731420e-08   6.748284e-09
he          loss rate   2   4
 2.021e-03 2.000e-02   3.843218e+03   8.930718e+03   8.179472e+03
   3.712868e+03   8.357390e+02   7.467920e+01
he          loss rate
 2.000e-02 2.000e-01  -2.258306e+01   1.157303e-02  -8.323548e-01
  -1.179165e+00  -4.740335e-01  -8.644831e-02
he          loss rate
 2.000e-01 2.000e+00  -2.255605e+01   3.282762e-01   1.392264e-01
  -1.220848e-01  -2.766025e-01  -2.904941e-01
he          loss rate
 2.000e+00 2.000e+01  -2.257976e+01   4.570172e-01  -1.592741e-01
   2.719521e-01  -1.718104e-01   3.866089e-02
he          loss rate
 2.000e+01 1.000e+02  -1.730459e+01  -1.624616e+01   2.100786e+01
  -1.312075e+01   4.069351e+00  -5.009445e-01
he          zbar
 2.021e-03 2.000e-02   2.237854e+03   5.369581e+03   5.117176e+03
   2.418506e+03   5.669012e+02   5.274451e+01
he          zbar
 2.000e-02 2.000e-01   1.995002e+00  -1.387780e-02  -5.106094e-03
   1.646218e-02   1.780162e-02   5.130852e-03
he          zbar
 2.000e-01 2.000e+00   2.000000e+00  -0.            -0.
   0.             0.             0.
he          zbar
 2.000e+00 2.000e+01   1.999999e+00   2.130500e-08  -6.186545e-08
   8.444941e-08  -5.462841e-08   1.349656e-08
he          zbar
 2.000e+01 1.000e+02  -8.533870e+00   3.349835e+01  -4.229026e+01
   2.650717e+01  -8.252387e+00   1.021277e+00
he          zsqbar
 2.021e-03 2.000e-02   6.627353e+03   1.580702e+04   1.496125e+04
   7.018086e+03   1.631424e+03   1.503924e+02
he          zsqbar
 2.000e-02 2.000e-01   4.043025e+00   2.105931e-01   4.075705e-01
   3.908403e-01   1.862089e-01   3.535023e-02
he          zsqbar
 2.000e-01 2.000e+00   4.000000e+00  -0.            -0.
   0.             1.790128e-10   1.780892e-10
he          zsqbar
 2.000e+00 2.000e+01   3.999999e+00   4.261000e-08  -1.237309e-07
   1.688988e-07  -1.092568e-07   2.699313e-08
he          zsqbar
 2.000e+01 1.000e+02  -1.706774e+01   6.699670e+01  -8.458053e+01
   5.301435e+01  -1.650477e+01   2.042555e+00
li          loss rate   3   7
 5.000e-03 2.000e-02  -4.543672e+03  -1.150663e+04  -1.168350e+04
  -5.917093e+03  -1.494044e+03  -1.503462e+02
li          loss rate
 2.000e-02 2.000e-01  -1.796098e+01   2.087143e+01   4.050722e+01
   3.814998e+01   1.796065e+01   3.306694e+00
li          loss rate
 2.000e-01 2.000e+00  -2.211677e+01   2.157176e-01   2.693194e-01
  -1.821747e-01   1.258670e-01   5.528849e-02
li          loss rate
 2.000e+00 2.000e+01  -2.210228e+01   1.019470e-01   6.025088e-01
  -6.152173e-01   3.192364e-01  -6.169601e-02
li          loss rate
 2.000e+01 1.000e+02  -2.294214e+01   2.708429e+00  -2.772527e+00
   1.692546e+00  -5.110030e-01   6.115965e-02
li          zbar
 5.000e-03 2.000e-02   1.685620e+03   4.414339e+03   4.604085e+03
   2.383148e+03   6.115147e+02   6.221195e+01
li          zbar
 2.000e-02 2.000e-01   7.022808e+00   2.015096e+01   3.971343e+01
   3.850490e+01   1.837982e+01   3.459541e+00
li          zbar
 2.000e-01 2.000e+00   2.999998e+00  -3.384077e-03  -1.031901e-02
   6.695096e-02   2.570958e-01   2.149307e-01
li          zbar
 2.000e+00 2.000e+01   3.003833e+00   4.419048e-02  -2.910708e-01
   5.771200e-01  -4.734459e-01   1.393352e-01
li          zbar
 2.000e+01 1.000e+02  -1.280132e+01   5.024913e+01  -6.343735e+01
   3.976195e+01  -1.237893e+01   1.531958e+00
li          zsqbar
 5.000e-03 2.000e-02  -9.796372e+03  -2.410681e+04  -2.358175e+04
  -1.148758e+04  -2.790884e+03  -2.708088e+02
li          zsqbar
 2.000e-02 2.000e-01   2.939054e+01   1.020208e+02   2.007971e+02
   1.944201e+02   9.267813e+01   1.742148e+01
li          zsqbar
 2.000e-01 2.000e+00   9.000011e+00   1.047221e-04  -1.091150e-03
  -3.243924e-03   1.126405e-02   2.517026e-02
li          zsqbar
 2.000e+00 2.000e+01   8.904881e+00   7.927525e-01  -2.452588e+00
   3.562078e+00  -2.451678e+00   6.445499e-01
li          zsqbar
 2.000e+01 1.000e+02  -3.840398e+01   1.507474e+02  -1.903120e+02
   1.192858e+02  -3.713681e+01   4.595876e+00
be          loss rate   4   9
 2.000e-03 2.000e-02  -3.425149e+02  -9.471261e+02  -1.035776e+03
  -5.382416e+02  -1.349198e+02  -1.319063e+01
be          loss rate
 2.000e-02 2.000e-01  -3.429833e+01  -5.804949e+01  -1.032570e+02
  -8.853016e+01  -3.530521e+01  -5.134461e+00
be          loss rate
 2.000e-01 2.000e+00  -2.177748e+01   4.617764e-02   4.411196e-01
  -2.972147e-01   4.526295e-02   1.266794e-01
be          loss rate
 2.000e+00 2.000e+01  -2.177389e+01   1.478620e-02   5.259617e-01
  -3.816430e-01   1.583400e-01  -2.891062e-02
be          loss rate
 2.000e+01 1.000e+02  -2.031496e+01  -4.202600e+00   5.289472e+00
  -3.002456e+00   8.528627e-01  -9.687940e-02
be          zbar
 2.000e-03 2.000e-02   8.918312e+02   2.032827e+03   1.848711e+03
   8.366675e+02   1.884457e+02   1.690051e+01
be          zbar
 2.000e-02 2.000e-01  -2.541365e+01  -1.431782e+02  -2.719538e+02
  -2.512535e+02  -1.124468e+02  -1.936448e+01
be          zbar
 2.000e-01 2.000e+00   3.999933e+00  -3.436568e-04   5.915362e-03
   8.912118e-03  -5.773581e-02  -7.638560e-02
be          zbar
 2.000e+00 2.000e+01   3.957725e+00   3.523344e-01  -1.090039e+00
   1.583145e+00  -1.089634e+00   2.864666e-01
be          zbar
 2.000e+01 1.000e+02  -1.706774e+01   6.699670e+01  -8.458053e+01
   5.301435e+01  -1.650477e+01   2.042555e+00
be          zsqbar
 2.000e-03 2.000e-02   4.351229e+03   9.911987e+03   8.995523e+03
   4.062035e+03   9.127286e+02   8.164787e+01
be          zsqbar
 2.000e-02 2.000e-01  -2.231015e+02  -1.166895e+03  -2.224691e+03
  -2.066543e+03  -9.323204e+02  -1.625384e+02
be          zsqbar
 2.000e-01 2.000e+00   1.600011e+01   1.047221e-03  -1.091150e-02
  -3.243924e-02   1.126405e-01   2.517026e-01
be          zsqbar
 2.000e+00 2.000e+01   1.583090e+01   1.409337e+00  -4.360156e+00
   6.332583e+00  -4.358538e+00   1.145866e+00
be          zsqbar
 2.000e+01 1.000e+02  -6.827096e+01   2.679868e+02  -3.383221e+02
   2.120574e+02  -6.601910e+01   8.170220e+00
b           loss rate   5  11
 2.000e-03 2.000e-02  -1.508695e+03  -3.512267e+03  -3.286123e+03
  -1.520070e+03  -3.470699e+02  -3.127690e+01
b           loss rate
 2.000e-02 2.000e-01  -6.370160e+01  -2.156758e+02  -4.308101e+02
  -4.222844e+02  -2.008412e+02  -3.687482e+01
b           loss rate
 2.000e-01 2.000e+00  -2.147875e+01  -1.565300e-01   6.181287e-01
  -2.477378e-01  -1.060488e-01  -4.537644e-02
b           loss rate
 2.000e+00 2.000e+01  -2.147338e+01  -1.829426e-01   6.678447e-01
  -3.864809e-01   1.165921e-01  -1.400226e-02
b           loss rate
 2.000e+01 1.000e+02  -2.446009e+01   9.264961e+00  -1.110684e+01
   6.837004e+00  -2.065107e+00   2.458526e-01
b           zbar
 2.000e-03 2.000e-02  -6.553742e+02  -1.623267e+03  -1.589362e+03
  -7.718710e+02  -1.857526e+02  -1.769888e+01
b           zbar
 2.000e-02 2.000e-01   6.451283e+01   2.724491e+02   4.793284e+02
   4.026720e+02   1.606613e+02   2.444833e+01
b           zbar
 2.000e-01 2.000e+00   4.999812e+00   3.108082e-03  -7.757097e-03
  -1.790018e-02   2.413855e-02   8.827374e-02
b           zbar
 2.000e+00 2.000e+01   4.947156e+00   4.404180e-01  -1.362548e+00
   1.978932e+00  -1.362043e+00   3.580833e-01
b           zbar
 2.000e+01 1.000e+02  -2.133467e+01   8.374588e+01  -1.057256e+02
   6.626794e+01  -2.063096e+01   2.553193e+00
b           zsqbar
 2.000e-03 2.000e-02  -3.918029e+03  -9.662775e+03  -9.445669e+03
  -4.582242e+03  -1.102251e+03  -1.050699e+02
b           zsqbar
 2.000e-02 2.000e-01   5.923071e+02   2.630033e+03   4.701861e+03
   4.033034e+03   1.653765e+03   2.604972e+02
b           zsqbar
 2.000e-01 2.000e+00   2.499801e+01   3.003360e-02  -6.665946e-02
  -1.465625e-01   1.287450e-01   6.310347e-01
b           zsqbar
 2.000e+00 2.000e+01   2.473578e+01   2.202090e+00  -6.812744e+00
   9.894661e+00  -6.810216e+00   1.790416e+00
b           zsqbar
 2.000e+01 1.000e+02  -1.066733e+02   4.187294e+02  -5.286283e+02
   3.313397e+02  -1.031548e+02   1.276596e+01
c           loss rate   6  12
 2.000e-03 2.000e-02   2.261958e+03   5.270706e+03   4.807681e+03
   2.167005e+03   4.834720e+02   4.278411e+01
c           loss rate
 2.000e-02 2.000e-01   5.012664e+01   3.326799e+02   6.003159e+02
   5.172305e+02   2.130346e+02   3.363800e+01
c           loss rate
 2.000e-01 2.000e+00  -2.123708e+01  -3.131751e-01   7.604700e-01
  -3.016567e-01   7.631533e-02   1.401137e-01
c           loss rate
 2.000e+00 2.000e+01  -2.123666e+01  -3.447889e-01   1.035458e+00
  -1.012494e+00   5.920469e-01  -1.435590e-01
c           loss rate
 2.000e+01 1.000e+02  -2.476797e+01   9.408182e+00  -9.657446e+00
   4.999161e+00  -1.237382e+00   1.160610e-01
c           zbar
 2.000e-03 2.000e-02  -2.158442e+03  -4.747388e+03  -4.125601e+03
  -1.776186e+03  -3.793993e+02  -3.219211e+01
c           zbar
 2.000e-02 2.000e-01   9.306385e+00   4.167824e+01   1.271506e+02
   1.575301e+02   8.451563e+01   1.647352e+01
c           zbar
 2.000e-01 2.000e+00   5.999519e+00   5.412292e-03  -2.748161e-02
  -3.513750e-02   1.741212e-01   5.044480e-01
c           zbar
 2.000e+00 2.000e+01   5.999999e+00   6.391500e-08  -1.855963e-07
   2.533482e-07  -1.638852e-07   4.048970e-08
c           zbar
 2.000e+01 1.000e+02  -3.412166e+01   1.250454e+02  -1.550822e+02
   9.568298e+01  -2.937298e+01   3.589668e+00
c           zsqbar
 2.000e-03 2.000e-02  -1.197232e+04  -2.598320e+04  -2.223471e+04
  -9.399716e+03  -1.965824e+03  -1.628466e+02
c           zsqbar
 2.000e-02 2.000e-01  -5.232539e+01  -1.423888e+02   2.751406e+02
   7.172005e+02   4.868057e+02   1.064559e+02
c           zsqbar
 2.000e-01 2.000e+00   3.599370e+01   5.466122e-02  -3.002839e-01
  -3.267203e-01   2.047741e+00   5.645576e+00
c           zsqbar
 2.000e+00 2.000e+01   3.599999e+01   3.834900e-07  -1.113578e-06
   1.520089e-06  -9.833115e-07   2.429382e-07
c           zsqbar
 2.000e+01 1.000e+02  -2.047300e+02   7.502728e+02  -9.304936e+02
   5.740979e+02  -1.762379e+02   2.153801e+01
n           loss rate   7  14
 2.000e-03 2.000e-02  -1.156535e+03  -2.470643e+03  -2.131090e+03
  -9.133544e+02  -1.944736e+02  -1.644083e+01
n           loss rate
 2.000e-02 2.000e-01  -9.338786e+00   8.722755e+01   2.252386e+02
   2.539369e+02   1.295930e+02   2.443551e+01
n           loss rate
 2.000e-01 2.000e+00  -2.099853e+01  -4.795771e-01   8.036078e-01
  -4.943294e-01   7.561254e-01   1.036669e+00
n           loss rate
 2.000e+00 2.000e+01  -2.099446e+01  -5.687463e-01   1.260410e+00
  -1.034390e+00   4.666245e-01  -8.220284e-02
n           loss rate
 2.000e+01 1.000e+02  -9.452523e+00  -3.583145e+01   4.386446e+01
  -2.639332e+01   7.890269e+00  -9.366682e-01
n           zbar
 2.000e-03 2.000e-02  -8.820992e+02  -2.297198e+03  -2.312702e+03
  -1.137993e+03  -2.751145e+02  -2.621692e+01
n           zbar
 2.000e-02 2.000e-01  -3.311553e+01  -1.925740e+02  -3.465952e+02
  -2.908172e+02  -1.161160e+02  -1.783366e+01
n           zbar
 2.000e-01 2.000e+00   6.999600e+00   1.987489e-02  -1.980895e-01
  -2.944298e-01   1.513274e+00   3.802964e+00
n           zbar
 2.000e+00 2.000e+01   6.984163e+00   1.095863e-01  -2.883451e-01
   3.625542e-01  -2.189947e-01   5.108410e-02
n           zbar
 2.000e+01 1.000e+02  -3.980861e+01   1.458863e+02  -1.809293e+02
   1.116301e+02  -3.426848e+01   4.187946e+00
n           zsqbar
 2.000e-03 2.000e-02  -1.504447e+03  -5.341288e+03  -6.356648e+03
  -3.473639e+03  -9.016440e+02  -9.038701e+01
n           zsqbar
 2.000e-02 2.000e-01  -4.250961e+02  -2.313251e+03  -4.231492e+03
  -3.611738e+03  -1.469605e+03  -2.306320e+02
n           zsqbar
 2.000e-01 2.000e+00   4.899555e+01   2.521143e-01  -2.640472e+00
  -3.618876e+00   2.037931e+01   4.950084e+01
n           zsqbar
 2.000e+00 2.000e+01   4.891274e+01   4.490938e-01  -8.710925e-01
   7.928435e-01  -3.350758e-01   5.131021e-02
n           zsqbar
 2.000e+01 1.000e+02  -2.786517e+02   1.021178e+03  -1.266473e+03
   7.813917e+02  -2.398735e+02   2.931492e+01
o           loss rate   8  16
 2.000e-03 2.000e-02  -4.529751e+02  -9.708194e+02  -8.543558e+02
  -3.703108e+02  -7.894946e+01  -6.595167e+00
o           loss rate
 2.000e-02 2.000e-01  -5.850473e+01  -1.599706e+02  -2.413954e+02
  -1.606545e+02  -4.435586e+01  -3.330475e+00
o           loss rate
 2.000e-01 2.000e+00  -2.072608e+01  -7.678363e-01   8.757315e-01
  -1.083575e+00   2.411262e+00   5.756157e+00
o           loss rate
 2.000e+00 2.000e+01  -2.068911e+01  -1.099824e+00   2.006129e+00
  -1.586139e+00   6.690906e-01  -1.119695e-01
o           loss rate
 2.000e+01 1.000e+02  -2.780602e+01   2.146057e+01  -2.665907e+01
   1.670832e+01  -5.191944e+00   6.410295e-01
o           zbar
 2.000e-03 2.000e-02  -6.490584e+02  -1.653793e+03  -1.644110e+03
  -8.046118e+02  -1.944986e+02  -1.860554e+01
o           zbar
 2.000e-02 2.000e-01  -1.138707e+01  -1.009702e+02  -1.977748e+02
  -1.727987e+02  -6.802645e+01  -9.440283e+00
o           zbar
 2.000e-01 2.000e+00   7.987144e+00   6.123448e-02   1.957654e-01
  -3.530468e-02  -3.876773e+00   1.243596e+00
o           zbar
 2.000e+00 2.000e+01   7.991017e+00   4.813878e-02  -1.245848e-01
   1.720643e-01  -1.171350e-01   3.058433e-02
o           zbar
 2.000e+01 1.000e+02  -4.549416e+01   1.667230e+02  -2.067711e+02
   1.275741e+02  -3.916303e+01   4.786110e+00
o           zsqbar
 2.000e-03 2.000e-02  -1.170460e+03  -3.485498e+03  -3.806394e+03
  -1.981064e+03  -4.995952e+02  -4.924836e+01
o           zsqbar
 2.000e-02 2.000e-01  -1.310048e+02  -1.101999e+03  -2.314525e+03
  -2.144230e+03  -9.026536e+02  -1.382986e+02
o           zsqbar
 2.000e-01 2.000e+00   6.380840e+01   8.673444e-01   3.053768e+00
   4.649146e-01  -5.953212e+01   1.183941e+01
o           zsqbar
 2.000e+00 2.000e+01   6.379584e+01   1.183644e+00  -2.980140e+00
   3.803898e+00  -2.377681e+00   5.753653e-01
o           zsqbar
 2.000e+01 1.000e+02  -3.639532e+02   1.333784e+03  -1.654169e+03
   1.020593e+03  -3.133042e+02   3.828888e+01
f           loss rate   9  19
 6.000e-03 2.000e-02   9.771140e+02   2.608148e+03   2.730338e+03
   1.426168e+03   3.715238e+02   3.861789e+01
f           loss rate
 2.000e-02 2.000e-01  -5.855138e+01  -1.994465e+02  -3.879921e+02
  -3.528640e+02  -1.500805e+02  -2.412275e+01
f           loss rate
 2.000e-01 2.000e+00  -2.044910e+01  -9.224362e-01   8.079891e-01
  -9.429368e-01   9.734815e-01   6.783202e+00
f           loss rate
 2.000e+00 2.000e+01  -2.043091e+01  -1.093509e+00   1.314364e+00
  -5.879604e-01   1.307366e-01  -9.586943e-03
f           loss rate
 2.000e+01 1.000e+02  -2.085061e+01   2.631718e-01  -4.309072e-01
   5.229414e-01  -2.143155e-01   3.089496e-02
f           zbar
 6.000e-03 2.000e-02  -7.421826e+02  -2.019629e+03  -2.162802e+03
  -1.150331e+03  -3.046519e+02  -3.215075e+01
f           zbar
 2.000e-02 2.000e-01  -6.086972e+01  -3.366484e+02  -6.527300e+02
  -6.169389e+02  -2.833493e+02  -5.034203e+01
f           zbar
 2.000e-01 2.000e+00   8.955293e+00   4.373749e-02   8.158798e-01
   4.381810e+00  -1.659181e+01  -1.875661e+01
f           zbar
 2.000e+00 2.000e+01   8.965586e+00   1.599156e-01  -3.630949e-01
   4.522901e-01  -2.887546e-01   7.298009e-02
f           zbar
 2.000e+01 1.000e+02  -5.118250e+01   1.875682e+02  -2.326234e+02
   1.435244e+02  -4.405947e+01   5.384502e+00
f           zsqbar
 6.000e-03 2.000e-02   7.902082e+03   1.981266e+04   2.003793e+04
   1.016856e+04   2.582948e+03   2.624505e+02
f           zsqbar
 2.000e-02 2.000e-01  -7.733227e+02  -4.087541e+03  -7.944792e+03
  -7.530785e+03  -3.470708e+03  -6.192624e+02
f           zsqbar
 2.000e-01 2.000e+00   8.024900e+01   7.237563e-01   1.351959e+01
   7.488020e+01  -2.771305e+02  -3.255343e+02
f           zsqbar
 2.000e+00 2.000e+01   8.059183e+01   1.209760e+00  -1.267472e+00
   2.000901e-01   4.618301e-01  -2.132821e-01
f           zsqbar
 2.000e+01 1.000e+02   1.537469e+02  -2.180769e+02   2.596109e+02
  -1.535161e+02   4.511752e+01  -5.274630e+00
ne          loss rate  10  20
 2.000e-03 2.000e-02  -4.228661e+02  -1.074498e+03  -1.131081e+03
  -5.901397e+02  -1.525076e+02  -1.557410e+01
ne          loss rate
 2.000e-02 2.000e-01  -3.074433e+01  -9.105812e+01  -2.386719e+02
  -2.698318e+02  -1.368260e+02  -2.567438e+01
ne          loss rate
 2.000e-01 2.000e+00  -2.022495e+01  -1.413097e+00   2.354164e+00
   2.075592e+00  -1.278521e+01  -1.126163e+01
ne          loss rate
 2.000e+00 2.000e+01  -2.023528e+01  -1.175463e+00   8.931975e-01
   4.080396e-01  -6.613607e-01   2.035477e-01
ne          loss rate
 2.000e+01 1.000e+02  -2.064907e+01   8.835576e-02  -2.864026e-01
   4.440143e-01  -1.881675e-01   2.719145e-02
ne          zbar
 2.000e-03 2.000e-02   1.202833e+03   2.829337e+03   2.659649e+03
   1.243847e+03   2.890296e+02   2.668958e+01
ne          zbar
 2.000e-02 2.000e-01   2.196599e+02   9.536141e+02   1.660453e+03
   1.393392e+03   5.632314e+02   8.819473e+01
ne          zbar
 2.000e-01 2.000e+00   9.952498e+00   3.032217e-01  -2.820853e+00
   8.379812e+00   1.992525e+00  -1.276230e+01
ne          zbar
 2.000e+00 2.000e+01   9.967197e+00   8.703394e-02  -3.843532e-02
  -9.732146e-02   1.190374e-01  -3.813604e-02
ne          zbar
 2.000e+01 1.000e+02   1.727526e+01  -2.180944e+01   2.596321e+01
  -1.535289e+01   4.512137e+00  -5.275090e-01
ne          zsqbar
 2.000e-03 2.000e-02   1.589652e+03   3.563352e+03   3.247729e+03
   1.487040e+03   3.398291e+02   3.090559e+01
ne          zsqbar
 2.000e-02 2.000e-01   3.053950e+03   1.355034e+04   2.376861e+04
   2.012632e+04   8.221911e+03   1.302037e+03
ne          zsqbar
 2.000e-01 2.000e+00   9.911184e+01   5.858919e+00  -5.427156e+01
   1.514464e+02   5.828872e+01  -2.108528e+02
ne          zsqbar
 2.000e+00 2.000e+01   9.908364e+01   3.991319e+00  -7.745661e+00
   8.075174e+00  -4.389980e+00   9.741098e-01
ne          zsqbar
 2.000e+01 1.000e+02   1.166322e+02  -5.797517e+01   7.907666e+01
  -5.296407e+01   1.745827e+01  -2.269033e+00
na          loss rate  11  23
 2.000e-02 2.000e-01   4.972095e+01   3.025498e+02   4.958773e+02
   3.839438e+02   1.426147e+02   2.054830e+01
na          loss rate
 2.000e-01 2.000e+00  -2.001916e+01  -1.357336e+00   1.928338e+00
   5.892109e+00  -1.838035e+01  -2.695124e+01
na          loss rate
 2.000e+00 2.000e+01  -2.002353e+01  -1.072277e+00   3.447962e-01
   8.591520e-01  -7.474482e-01   1.887613e-01
na          loss rate
 2.000e+01 1.000e+02  -1.875806e+01  -5.181188e+00   5.947265e+00
  -3.258113e+00   9.112158e-01  -1.031343e-01
na          zbar
 2.000e-02 2.000e-01   1.185629e+02   5.395745e+02   1.026774e+03
   9.393442e+02   4.120452e+02   6.981135e+01
na          zbar
 2.000e-01 2.000e+00   1.088373e+01   1.286040e+00  -9.392969e+00
   6.242581e+00   4.234341e+01   2.619530e+01
na          zbar
 2.000e+00 2.000e+01   1.074110e+01   1.490459e+00  -3.652871e+00
   4.430320e+00  -2.593947e+00   5.843369e-01
na          zbar
 2.000e+01 1.000e+02  -6.255639e+01   2.292500e+02  -2.843175e+02
   1.754188e+02  -5.385047e+01   6.581058e+00
na          zsqbar
 2.000e-02 2.000e-01   1.855951e+03   8.781637e+03   1.679917e+04
   1.546062e+04   6.825139e+03   1.162640e+03
na          zsqbar
 2.000e-01 2.000e+00   1.185211e+02   2.712927e+01  -1.892224e+02
   1.134188e+02   8.576638e+02   5.517485e+02
na          zsqbar
 2.000e+00 2.000e+01   1.191660e+02   4.297463e+00  -2.709439e+00
  -6.024196e-01   7.462482e-01   1.012714e-02
na          zsqbar
 2.000e+01 1.000e+02  -6.881203e+02   2.521750e+03  -3.127492e+03
   1.929606e+03  -5.923552e+02   7.239164e+01
mg          loss rate  12  24
 2.000e-03 2.000e-02   4.190583e+02   1.380705e+03   1.622723e+03
   9.051013e+02   2.419654e+02   2.497781e+01
mg          loss rate
 2.000e-02 2.000e-01   3.149484e+01   2.507588e+02   4.633589e+02
   4.045620e+02   1.697838e+02   2.772469e+01
mg          loss rate
 2.000e-01 2.000e+00  -1.968935e+01  -1.508570e+00  -1.825598e+00
   7.092243e+00   3.818045e+00  -8.465072e+00
mg          loss rate
 2.000e+00 2.000e+01  -1.969096e+01  -1.785142e+00   1.229505e+00
   2.639373e-01  -5.120190e-01   1.399547e-01
mg          loss rate
 2.000e+01 1.000e+02  -1.935490e+01  -2.924080e+00   3.115597e+00
  -1.537552e+00   3.985283e-01  -4.283342e-02
mg          zbar
 2.000e-03 2.000e-02  -5.787908e+02  -1.307076e+03  -1.148891e+03
  -4.947235e+02  -1.045855e+02  -8.693718e+00
mg          zbar
 2.000e-02 2.000e-01  -1.452735e+02  -6.450566e+02  -1.016357e+03
  -7.616696e+02  -2.760281e+02  -3.892808e+01
mg          zbar
 2.000e-01 2.000e+00   1.156914e+01   2.987226e+00  -6.792296e+00
  -7.654406e+00   2.612457e+01   3.059450e+01
mg          zbar
 2.000e+00 2.000e+01   1.150171e+01   2.912037e+00  -7.086207e+00
   8.583921e+00  -5.078336e+00   1.167367e+00
mg          zbar
 2.000e+01 1.000e+02  -6.824333e+01   2.500909e+02  -3.101645e+02
   1.913659e+02  -5.874597e+01   7.179336e+00
mg          zsqbar
 2.000e-03 2.000e-02  -2.055875e+03  -4.771072e+03  -4.281027e+03
  -1.871957e+03  -4.004399e+02  -3.360245e+01
mg          zsqbar
 2.000e-02 2.000e-01  -2.926035e+03  -1.284631e+04  -2.080242e+04
  -1.611631e+04  -6.058475e+03  -8.902202e+02
mg          zsqbar
 2.000e-01 2.000e+00   1.342016e+02   6.673547e+01  -1.470248e+02
  -1.750396e+02   5.649117e+02   6.723143e+02
mg          zsqbar
 2.000e+00 2.000e+01   1.371834e+02   3.087128e+01  -5.833722e+01
   5.516396e+01  -2.547868e+01   4.537106e+00
mg          zsqbar
 2.000e+01 1.000e+02   2.066029e+00   4.089683e+02  -4.699417e+02
   2.692064e+02  -7.688494e+01   8.758494e+00
al          loss rate  13  27
 2.000e-03 2.000e-02  -2.250986e+03  -5.306255e+03  -4.967295e+03
  -2.288252e+03  -5.189715e+02  -4.639733e+01
al          loss rate
 2.000e-02 2.000e-01  -2.677086e+01  -6.511035e+00   2.860469e+01
   4.861982e+01   2.750882e+01   5.441881e+00
al          loss rate
 2.000e-01 2.000e+00  -1.942979e+01  -8.831720e-01  -4.346868e+00
   3.397685e+00   1.698350e+01   6.594507e+00
al          loss rate
 2.000e+00 2.000e+01  -1.936179e+01  -1.916192e+00   7.209350e-01
   8.992914e-01  -7.483432e-01   1.586946e-01
al          loss rate
 2.000e+01 1.000e+02  -1.845947e+01  -5.213206e+00   5.788378e+00
  -3.139066e+00   8.849636e-01  -1.023228e-01
al          zbar
 2.000e-03 2.000e-02  -2.525429e+03  -6.167647e+03  -5.959224e+03
  -2.851207e+03  -6.755030e+02  -6.338673e+01
al          zbar
 2.000e-02 2.000e-01  -1.891171e+02  -9.236421e+02  -1.631208e+03
  -1.381214e+03  -5.684603e+02  -9.146676e+01
al          zbar
 2.000e-01 2.000e+00   1.216770e+01   3.996755e+00  -1.810771e+00
  -1.391197e+01  -1.826393e+00   1.236663e+01
al          zbar
 2.000e+00 2.000e+01   1.251740e+01   1.878922e+00  -2.938398e+00
   2.172873e+00  -6.886507e-01   5.347977e-02
al          zbar
 2.000e+01 1.000e+02  -7.392801e+01   2.709248e+02  -3.360031e+02
   2.073080e+02  -6.363992e+01   7.777430e+00
al          zsqbar
 2.000e-03 2.000e-02  -9.129623e+03  -2.278830e+04  -2.243099e+04
  -1.090401e+04  -2.619141e+03  -2.487486e+02
al          zsqbar
 2.000e-02 2.000e-01  -3.359153e+03  -1.624044e+04  -2.895523e+04
  -2.469699e+04  -1.021380e+04  -1.649177e+03
al          zsqbar
 2.000e-01 2.000e+00   1.486279e+02   9.608153e+01  -3.824778e+01
  -3.344720e+02  -7.102920e+01   2.657399e+02
al          zsqbar
 2.000e+00 2.000e+01   1.530605e+02   7.673008e+01  -1.585828e+02
   1.701205e+02  -9.275303e+01   2.029731e+01
al          zsqbar
 2.000e+01 1.000e+02  -5.159674e+02   2.121785e+03  -2.610958e+03
   1.595125e+03  -4.838425e+02   5.830344e+01
si          loss rate  14  28
 2.000e-03 2.000e-02   1.552149e+03   3.325313e+03   2.758176e+03
   1.120738e+03   2.231419e+02   1.741409e+01
si          loss rate
 2.000e-02 2.000e-01  -3.337755e+01  -4.156210e+01  -3.357500e+01
  -3.861010e-01   9.559512e+00   2.926884e+00
si          loss rate
 2.000e-01 2.000e+00  -1.942153e+01  -1.564263e-01  -5.293526e+00
  -1.245783e+00   2.423902e+01   1.860129e+01
si          loss rate
 2.000e+00 2.000e+01  -1.924755e+01  -1.983580e+00   8.424270e-01
   7.549569e-01  -6.743710e-01   1.463654e-01
si          loss rate
 2.000e+01 1.000e+02  -1.911072e+01  -2.668604e+00   2.438409e+00
  -1.009559e+00   2.216468e-01  -2.078048e-02
si          zbar
 2.000e-03 2.000e-02   3.809690e+03   9.139911e+03   8.702643e+03
   4.104861e+03   9.589751e+02   8.879200e+01
si          zbar
 2.000e-02 2.000e-01   1.262536e+01  -4.215021e+01  -1.327780e+02
  -1.398902e+02  -6.620806e+01  -1.191681e+01
si          zbar
 2.000e-01 2.000e+00   1.278309e+01   4.001599e+00   2.228159e+00
  -1.298668e+01  -1.353094e+01   6.706869e+00
si          zbar
 2.000e+00 2.000e+01   1.282819e+01   5.465824e+00  -1.080221e+01
   1.096045e+01  -5.610330e+00   1.149258e+00
si          zbar
 2.000e+01 1.000e+02  -1.955942e-01   4.090356e+01  -4.700235e+01
   2.692559e+01  -7.689983e+00   8.760275e-01
si          zsqbar
 2.000e-03 2.000e-02   2.196724e+04   5.276720e+04   5.028325e+04
   2.373292e+04   5.546868e+03   5.136782e+02
si          zsqbar
 2.000e-02 2.000e-01   5.403787e+02   7.463219e+02  -1.219366e+02
  -8.047411e+02  -5.270671e+02  -1.088709e+02
si          zsqbar
 2.000e-01 2.000e+00   1.639204e+02   1.033783e+02   6.783943e+01
  -3.285246e+02  -4.224363e+02   6.230528e+01
si          zsqbar
 2.000e+00 2.000e+01   1.637516e+02   1.507870e+02  -2.970609e+02
   2.993603e+02  -1.517459e+02   3.067111e+01
si          zsqbar
 2.000e+01 1.000e+02   3.620843e+02  -5.790220e+02   7.898785e+02
  -5.291034e+02   1.744211e+02  -2.267099e+01
s           loss rate  16  32
 2.000e-03 2.000e-02  -1.308145e+03  -2.920580e+03  -2.628804e+03
  -1.176163e+03  -2.615382e+02  -2.311007e+01
s           loss rate
 2.000e-02 2.000e-01  -4.084240e+00   6.291825e+01   1.088672e+02
   9.096593e+01   3.525396e+01   4.879194e+00
s           loss rate
 2.000e-01 2.000e+00  -1.941909e+01   8.777160e-01  -2.111849e+00
  -1.181280e+01   1.657302e+01   3.178731e+01
s           loss rate
 2.000e+00 2.000e+01  -1.933584e+01   8.865294e-01  -6.696554e+00
   9.522022e+00  -5.577287e+00   1.222259e+00
s           loss rate
 2.000e+01 1.000e+02  -1.948796e+01  -5.561492e-01  -4.844770e-01
   8.673531e-01  -3.601739e-01   5.002120e-02
s           zbar
 2.000e-03 2.000e-02   7.304164e+02   1.464185e+03   1.180447e+03
   4.758665e+02   9.578296e+01   7.703680e+00
s           zbar
 2.000e-02 2.000e-01   8.689229e+01   3.352506e+02   5.920283e+02
   5.308306e+02   2.358325e+02   4.114627e+01
s           zbar
 2.000e-01 2.000e+00   1.416424e+01   2.344632e+00   9.000343e+00
  -4.892139e-02  -4.785863e+01  -2.583564e+01
s           zbar
 2.000e+00 2.000e+01   1.310910e+01   1.189568e+01  -2.037792e+01
   1.779684e+01  -7.816448e+00   1.368309e+00
s           zbar
 2.000e+01 1.000e+02  -6.564060e+01   2.450840e+02  -2.923765e+02
   1.732427e+02  -5.099164e+01   5.965723e+00
s           zsqbar
 2.000e-03 2.000e-02   1.323524e+04   2.834292e+04   2.430448e+04
   1.041725e+04   2.230107e+03   1.906931e+02
s           zsqbar
 2.000e-02 2.000e-01   1.457188e+03   5.653949e+03   9.511225e+03
   8.162513e+03   3.498214e+03   5.928663e+02
s           zsqbar
 2.000e-01 2.000e+00   2.009828e+02   6.733840e+01   2.578295e+02
   3.355523e+01  -1.320072e+03  -8.640540e+02
s           zsqbar
 2.000e+00 2.000e+01   1.663656e+02   3.749806e+02  -6.596653e+02
   5.985460e+02  -2.767358e+02   5.175381e+01
s           zsqbar
 2.000e+01 1.000e+02   1.007283e+03  -2.350099e+03   2.915165e+03
  -1.794525e+03   5.485512e+02  -6.663964e+01
ar          loss rate  18  40
 3.000e-02 2.000e-01  -2.053044e+01  -2.834287e+00   1.506902e+01
   3.517178e+01   2.400123e+01   5.072724e+00
ar          loss rate
 2.000e-01 2.000e+00  -1.965204e+01  -1.172763e-01   7.833221e+00
  -6.351577e+00  -3.058850e+01  -1.528534e+01
ar          loss rate
 2.000e+00 2.000e+01  -1.974883e+01   2.964839e+00  -8.829391e+00
   9.791005e+00  -4.960019e+00   9.820032e-01
ar          loss rate
 2.000e+01 1.000e+02  -2.117936e+01   5.191481e+00  -7.439718e+00
   4.969023e+00  -1.553180e+00   1.877047e-01
ar          zbar
 3.000e-02 2.000e-01  -6.351878e+01  -4.145189e+02  -8.502202e+02
  -8.074784e+02  -3.621264e+02  -6.187831e+01
ar          zbar
 2.000e-01 2.000e+00   1.591067e+01  -7.886774e-01   2.874540e+00
   3.361190e+01  -3.306892e+01  -7.162601e+01
ar          zbar
 2.000e+00 2.000e+01   1.296383e+01   1.833252e+01  -2.834796e+01
   2.267165e+01  -9.219744e+00   1.507133e+00
ar          zbar
 2.000e+01 1.000e+02  -7.890007e+01   2.939922e+02  -3.551085e+02
   2.133685e+02  -6.376566e+01   7.582572e+00
ar          zsqbar
 3.000e-02 2.000e-01  -9.617105e+02  -6.478984e+03  -1.394668e+04
  -1.372414e+04  -6.350908e+03  -1.120351e+03
ar          zsqbar
 2.000e-01 2.000e+00   2.534142e+02  -2.346307e+01   7.075634e+01
   1.014115e+03  -7.342521e+02  -1.963298e+03
ar          zsqbar
 2.000e+00 2.000e+01   1.582535e+02   5.763312e+02  -8.295299e+02
   5.954534e+02  -2.057947e+02   2.602890e+01
ar          zsqbar
 2.000e+01 1.000e+02   2.959940e+02   6.590943e+01  -7.358734e+01
   4.647610e+01  -1.567553e+01   2.167101e+00
k           loss rate  19  31
 3.000e-02 2.000e-01   5.314930e+01   3.605866e+02   7.242862e+02
   7.227720e+02   3.556334e+02   6.856115e+01
k           loss rate
 2.000e-01 2.000e+00  -1.958511e+01  -1.227590e+00   9.635969e+00
   2.269680e+00  -4.021017e+01  -3.575417e+01
k           loss rate
 2.000e+00 2.000e+01  -2.005471e+01   4.846461e+00  -1.233299e+01
   1.304019e+01  -6.497760e+00   1.278674e+00
k           loss rate
 2.000e+01 1.000e+02  -1.972729e+01   8.953002e-01  -2.042114e+00
   1.563222e+00  -4.831363e-01   5.421992e-02
k           zbar
 3.000e-02 2.000e-01   2.872214e+01  -1.071293e+01  -1.875789e+02
  -3.023075e+02  -1.844626e+02  -3.919648e+01
k           zbar
 2.000e-01 2.000e+00   1.696857e+01   1.483019e-02  -5.457079e+00
   3.058328e+01  -1.620344e+01  -6.193135e+01
k           zbar
 2.000e+00 2.000e+01   1.414701e+01   1.199806e+01  -7.349702e+00
  -5.086492e+00   7.419889e+00  -2.260575e+00
k           zbar
 2.000e+01 1.000e+02  -4.118108e+00   6.796838e+01  -7.983822e+01
   4.669469e+01  -1.357690e+01   1.568651e+00
k           zsqbar
 3.000e-02 2.000e-01   1.159239e+03   3.139907e+03   2.690640e+03
   1.875712e+00  -9.190974e+02  -2.902530e+02
k           zsqbar
 2.000e-01 2.000e+00   2.880355e+02   2.637595e+00  -1.879575e+02
   9.061583e+02  -2.823305e+02  -1.738787e+03
k           zsqbar
 2.000e+00 2.000e+01   1.896255e+02   4.090111e+02  -2.127012e+02
  -2.384151e+02   2.955246e+02  -8.701750e+01
k           zsqbar
 2.000e+01 1.000e+02   8.291569e+02  -1.434792e+03   1.723672e+03
  -1.021455e+03   2.996455e+02  -3.488251e+01
ca          loss rate  20  40
 2.000e-03 2.000e-02  -3.689948e+01  -1.721818e+02  -2.980549e+02
  -2.111513e+02  -6.766208e+01  -8.118202e+00
ca          loss rate
 2.000e-02 2.000e-01  -1.159201e+02  -4.698607e+02  -8.751479e+02
  -7.846416e+02  -3.392286e+02  -5.681370e+01
ca          loss rate
 2.000e-01 2.000e+00  -1.917416e+01  -2.140341e+00   7.134759e+00
   9.848610e+00  -3.294491e+01  -4.117891e+01
ca          loss rate
 2.000e+00 2.000e+01  -1.989882e+01   3.876438e+00  -7.045292e+00
   3.251307e+00   8.601241e-01  -6.818671e-01
ca          loss rate
 2.000e+01 1.000e+02  -2.010781e+01   2.404659e+00  -3.953416e+00
   2.727055e+00  -8.326892e-01   9.609272e-02
ca          zbar
 2.000e-03 2.000e-02   7.880125e+02   1.889093e+03   1.823892e+03
   8.771328e+02   2.092138e+02   1.976173e+01
ca          zbar
 2.000e-02 2.000e-01   9.719078e+01   3.518563e+02   5.415496e+02
   3.906647e+02   1.293463e+02   1.549698e+01
ca          zbar
 2.000e-01 2.000e+00   1.799544e+01   2.086656e+00  -2.801117e+01
   3.365770e+01   1.463383e+02   9.301921e+01
ca          zbar
 2.000e+00 2.000e+01   2.009084e+01  -1.924028e+01   6.409594e+01
  -8.251965e+01   4.803169e+01  -1.059254e+01
ca          zbar
 2.000e+01 1.000e+02   6.594912e+01  -1.440557e+02   1.784182e+02
  -1.094122e+02   3.326740e+01  -4.015640e+00
ca          zsqbar
 2.000e-03 2.000e-02   5.474264e+03   1.274855e+04   1.200355e+04
   5.662743e+03   1.331735e+03   1.245365e+02
ca          zsqbar
 2.000e-02 2.000e-01   3.719151e+03   1.587315e+04   2.708824e+04
   2.239285e+04   8.951852e+03   1.390607e+03
ca          zsqbar
 2.000e-01 2.000e+00   3.230644e+02   7.526368e+01  -8.932723e+02
   9.484144e+02   4.874696e+03   3.334961e+03
ca          zsqbar
 2.000e+00 2.000e+01   3.983630e+02  -6.892905e+02   2.303702e+03
  -2.946103e+03   1.699014e+03  -3.708870e+02
ca          zsqbar
 2.000e+01 1.000e+02   5.357544e+02  -4.962584e+02   6.657531e+02
  -4.280184e+02   1.341810e+02  -1.654413e+01
sc          loss rate  21  45
 2.000e-02 2.000e-01  -3.758695e+01  -1.100825e+02  -2.400835e+02
  -2.460911e+02  -1.185292e+02  -2.165903e+01
sc          loss rate
 2.000e-01 2.000e+00  -1.922759e+01  -2.983668e+00   5.788244e+00
   1.446065e+01  -2.243103e+01  -3.605352e+01
sc          loss rate
 2.000e+00 2.000e+01  -2.085632e+01   8.626218e+00  -1.803066e+01
   1.718071e+01  -7.971810e+00   1.483115e+00
sc          loss rate
 2.000e+01 1.000e+02  -1.374122e+01  -1.629940e+01   1.819853e+01
  -1.035079e+01   3.010462e+00  -3.534541e-01
sc          zbar
 2.000e-02 2.000e-01   1.500035e+02   6.557108e+02   1.196352e+03
   1.051839e+03   4.447377e+02   7.286873e+01
sc          zbar
 2.000e-01 2.000e+00   1.884495e+01   3.934360e+00  -2.836484e+01
   1.774314e+01   1.123195e+02   7.216382e+01
sc          zbar
 2.000e+00 2.000e+01   2.704558e+01  -6.457208e+01   1.821357e+02
  -2.257938e+02   1.311246e+02  -2.921052e+01
sc          zbar
 2.000e+01 1.000e+02   5.099636e+00   4.933328e+01  -6.247445e+01
   3.988539e+01  -1.275218e+01   1.627259e+00
sc          zsqbar
 2.000e-02 2.000e-01   2.931570e+03   1.330937e+04   2.440042e+04
   2.157848e+04   9.183116e+03   1.512909e+03
sc          zsqbar
 2.000e-01 2.000e+00   3.551612e+02   1.417655e+02  -9.804772e+02
   4.147204e+02   4.207081e+03   3.114042e+03
sc          zsqbar
 2.000e+00 2.000e+01   6.724410e+02  -2.494884e+03   7.020757e+03
  -8.672380e+03   5.018620e+03  -1.114524e+03
sc          zsqbar
 2.000e+01 1.000e+02   1.091817e+02   8.870320e+02  -9.808700e+02
   5.543165e+02  -1.589490e+02   1.841514e+01
ti          loss rate  22  48
 2.000e-02 2.000e-01   2.391333e+01   1.833595e+02   3.019617e+02
   2.376019e+02   9.049794e+01   1.345090e+01
ti          loss rate
 2.000e-01 2.000e+00  -1.899097e+01  -3.403262e+00   1.439830e+00
   1.735577e+01   2.804832e-01  -1.943972e+01
ti          loss rate
 2.000e+00 2.000e+01  -1.929039e+01  -3.260377e+00   1.454427e+01
  -2.383998e+01   1.642805e+01  -4.084697e+00
ti          loss rate
 2.000e+01 1.000e+02  -1.341780e+01  -1.675968e+01   1.843320e+01
  -1.033234e+01   2.960531e+00  -3.423194e-01
ti          zbar
 2.000e-02 2.000e-01   7.222364e+01   3.198138e+02   6.487276e+02
   6.246683e+02   2.837646e+02   4.928308e+01
ti          zbar
 2.000e-01 2.000e+00   1.945239e+01   7.359537e+00  -3.185285e+01
   9.823505e-01   1.158896e+02   8.529937e+01
ti          zbar
 2.000e+00 2.000e+01   2.850868e+01  -6.440733e+01   1.697102e+02
  -1.977441e+02   1.085692e+02  -2.299096e+01
ti          zbar
 2.000e+01 1.000e+02  -2.366888e+01   1.361008e+02  -1.625276e+02
   9.680212e+01  -2.869589e+01   3.383613e+00
ti          zsqbar
 2.000e-02 2.000e-01   1.381805e+03   6.688771e+03   1.379025e+04
   1.349106e+04   6.223691e+03   1.094611e+03
ti          zsqbar
 2.000e-01 2.000e+00   3.793198e+02   2.711611e+02  -1.126145e+03
  -2.464515e+02   4.480202e+03   3.913639e+03
ti          zsqbar
 2.000e+00 2.000e+01   7.469684e+02  -2.624861e+03   6.906612e+03
  -8.029153e+03   4.400336e+03  -9.309295e+02
ti          zsqbar
 2.000e+01 1.000e+02   3.507415e+01   1.223517e+03  -1.382728e+03
   7.984306e+02  -2.334778e+02   2.750657e+01
v           loss rate  23  51
 2.000e-02 2.000e-01   3.687357e+01   2.607323e+02   4.728842e+02
   4.134182e+02   1.758225e+02   2.924308e+01
v           loss rate
 2.000e-01 2.000e+00  -1.875537e+01  -3.336188e+00  -3.515680e+00
   1.543945e+01   2.698934e+01   8.739810e+00
v           loss rate
 2.000e+00 2.000e+01  -1.789319e+01  -1.323304e+01   4.059651e+01
  -5.539689e+01   3.461509e+01  -8.129329e+00
v           loss rate
 2.000e+01 1.000e+02  -7.774826e+00  -3.356672e+01   3.861875e+01
  -2.241157e+01   6.556649e+00  -7.682697e-01
v           zbar
 2.000e-02 2.000e-01  -2.169516e+01  -1.124002e+02  -1.072995e+02
  -1.034071e+01   2.558121e+01   8.405831e+00
v           zbar
 2.000e-01 2.000e+00   1.984457e+01   1.165812e+01  -3.384996e+01
  -2.939378e+01   1.305076e+02   1.416279e+02
v           zbar
 2.000e+00 2.000e+01   2.329028e+01  -1.420419e+01   2.186557e+01
   8.453312e-01  -1.576187e+01   6.522937e+00
v           zbar
 2.000e+01 1.000e+02   1.268293e+02  -3.207421e+02   3.912089e+02
  -2.361976e+02   7.070305e+01  -8.402189e+00
v           zsqbar
 2.000e-02 2.000e-01  -6.429275e+02  -2.572983e+03  -2.239297e+03
   2.210848e+02   9.248943e+02   2.731479e+02
v           zsqbar
 2.000e-01 2.000e+00   3.951781e+02   4.357853e+02  -1.132127e+03
  -1.309882e+03   4.341718e+03   5.150231e+03
v           zsqbar
 2.000e+00 2.000e+01   5.349315e+02  -5.721935e+02   8.224384e+02
   2.018259e+02  -7.832714e+02   3.055292e+02
v           zsqbar
 2.000e+01 1.000e+02  -2.796017e+02   2.251992e+03  -2.574478e+03
   1.492329e+03  -4.355811e+02   5.100262e+01
cr          loss rate  24  52
 2.000e-02 2.000e-01  -1.046617e+01   4.847769e+01   1.035314e+02
   9.965565e+01   4.533922e+01   7.963568e+00
cr          loss rate
 2.000e-01 2.000e+00  -1.856282e+01  -2.861429e+00  -7.078976e+00
   1.040950e+01   4.279950e+01   2.955976e+01
cr          loss rate
 2.000e+00 2.000e+01  -1.703891e+01  -1.819385e+01   5.078030e+01
  -6.452573e+01   3.818621e+01  -8.587522e+00
cr          loss rate
 2.000e+01 1.000e+02  -1.412390e+01  -1.399585e+01   1.491615e+01
  -8.166686e+00   2.301365e+00  -2.624430e-01
cr          zbar
 2.000e-02 2.000e-01  -7.697793e+01  -4.031422e+02  -6.778428e+02
  -5.422780e+02  -2.129268e+02  -3.303244e+01
cr          zbar
 2.000e-01 2.000e+00   1.995402e+01   1.572642e+01  -2.605128e+01
  -5.679382e+01   8.449049e+01   1.336010e+02
cr          zbar
 2.000e+00 2.000e+01   1.848369e+01   3.114391e+01  -1.073632e+02
   1.691199e+02  -1.181783e+02   3.022896e+01
cr          zbar
 2.000e+01 1.000e+02  -3.757318e+01   1.854461e+02  -2.250167e+02
   1.366963e+02  -4.145074e+01   5.011192e+00
cr          zsqbar
 2.000e-02 2.000e-01  -2.333009e+03  -1.131370e+04  -1.922350e+04
  -1.551337e+04  -6.095253e+03  -9.413034e+02
cr          zsqbar
 2.000e-01 2.000e+00   4.005040e+02   5.985134e+02  -7.842603e+02
  -2.277633e+03   2.089804e+03   4.153376e+03
cr          zsqbar
 2.000e+00 2.000e+01   3.298303e+02   1.382955e+03  -4.803658e+03
   7.594382e+03  -5.313602e+03   1.359604e+03
cr          zsqbar
 2.000e+01 1.000e+02   1.045110e+03  -1.727755e+03   2.313882e+03
  -1.479032e+03   4.599709e+02  -5.618464e+01
fe          loss rate  26  56
 2.000e-03 2.000e-02   5.406471e+02   1.313580e+03   1.225495e+03
   5.676319e+02   1.305450e+02   1.192860e+01
fe          loss rate
 2.000e-02 2.000e-01  -1.190619e+01   2.593252e+01   4.125798e+01
   3.037799e+01   1.044775e+01   1.396695e+00
fe          loss rate
 2.000e-01 2.000e+00  -1.829963e+01  -1.559422e+00  -6.004414e+00
  -1.192847e-01   1.700876e+01   1.176355e+01
fe          loss rate
 2.000e+00 2.000e+01  -1.679821e+01  -1.597732e+01   3.824998e+01
  -4.252815e+01   2.226738e+01  -4.463199e+00
fe          loss rate
 2.000e+01 1.000e+02  -2.453958e+01   1.795223e+01  -2.356361e+01
   1.484503e+01  -4.542324e+00   5.477463e-01
fe          zbar
 2.000e-03 2.000e-02  -1.079429e+03  -2.548835e+03  -2.363177e+03
  -1.084832e+03  -2.473372e+02  -2.243175e+01
fe          zbar
 2.000e-02 2.000e-01  -3.332485e+01  -2.645467e+02  -5.054316e+02
  -4.278020e+02  -1.691180e+02  -2.546190e+01
fe          zbar
 2.000e-01 2.000e+00   1.902301e+01   1.791552e+01   2.393280e+01
  -5.696279e+01  -1.710771e+02  -1.067083e+02
fe          zbar
 2.000e+00 2.000e+01   1.945689e+01   2.876939e+01  -7.759379e+01
   1.039311e+02  -6.411414e+01   1.476054e+01
fe          zbar
 2.000e+01 1.000e+02   2.122082e+01   6.891608e+00  -4.076853e+00
   1.577172e+00  -5.139468e-01   8.934178e-02
fe          zsqbar
 2.000e-03 2.000e-02  -1.406700e+04  -3.423810e+04  -3.267861e+04
  -1.537404e+04  -3.575497e+03  -3.293896e+02
fe          zsqbar
 2.000e-02 2.000e-01  -3.474413e+03  -1.761301e+04  -3.165949e+04
  -2.684162e+04  -1.094947e+04  -1.736088e+03
fe          zsqbar
 2.000e-01 2.000e+00   3.656131e+02   7.055486e+02   1.107484e+03
  -2.116699e+03  -7.370438e+03  -5.030810e+03
fe          zsqbar
 2.000e+00 2.000e+01   3.673765e+02   1.322170e+03  -3.573254e+03
   4.790873e+03  -2.944463e+03   6.732776e+02
fe          zsqbar
 2.000e+01 1.000e+02  -3.243618e+02   2.476134e+03  -2.551817e+03
   1.348646e+03  -3.619530e+02   3.921328e+01
ni          loss rate  28  59
 3.000e-02 2.000e-01  -1.203248e+01   3.253909e+01   6.790774e+01
   6.529925e+01   2.973465e+01   5.271280e+00
ni          loss rate
 2.000e-01 2.000e+00  -1.830484e+01  -3.319243e-03  -3.332313e+00
  -1.112798e+01   1.053073e-01   9.448907e+00
ni          loss rate
 2.000e+00 2.000e+01  -1.697679e+01  -9.495471e+00   1.109362e+01
   4.045904e-02  -6.521934e+00   2.654915e+00
ni          loss rate
 2.000e+01 1.000e+02  -2.864082e+01   2.999289e+01  -3.726082e+01
   2.258060e+01  -6.716598e+00   7.911687e-01
ni          zbar
 3.000e-02 2.000e-01   1.032411e+01  -6.184297e+01  -1.600052e+02
  -1.564106e+02  -7.153976e+01  -1.267768e+01
ni          zbar
 2.000e-01 2.000e+00   1.929729e+01   1.590131e+01   4.115131e+01
  -2.440036e+01  -2.109272e+02  -1.651743e+02
ni          zbar
 2.000e+00 2.000e+01   1.746326e+01   4.985336e+01  -1.125172e+02
   1.169296e+02  -5.367585e+01   8.534335e+00
ni          zbar
 2.000e+01 1.000e+02  -8.434801e+01   3.265641e+02  -3.836858e+02
   2.261836e+02  -6.665651e+01   7.841199e+00
ni          zsqbar
 3.000e-02 2.000e-01   5.684271e+02   3.333881e+02  -1.011411e+03
  -1.504321e+03  -7.744283e+02  -1.418581e+02
ni          zsqbar
 2.000e-01 2.000e+00   3.751800e+02   6.537413e+02   1.820442e+03
  -7.303193e+02  -8.668488e+03  -7.228750e+03
ni          zsqbar
 2.000e+00 2.000e+01   2.456799e+02   2.515950e+03  -5.659594e+03
   5.820427e+03  -2.609690e+03   3.946590e+02
ni          zsqbar
 2.000e+01 1.000e+02  -5.465604e+02   3.217438e+03  -3.283618e+03
   1.738274e+03  -4.714498e+02   5.196115e+01
cu          loss rate  29  64
 3.000e-02 2.000e-01  -1.751314e+01   6.909931e+00   2.271757e+01
   2.718317e+01   1.415977e+01   2.801611e+00
cu          loss rate
 2.000e-01 2.000e+00  -1.830903e+01   2.274986e-01  -1.275432e+00
  -1.123179e+01  -6.848201e+00   4.333374e+00
cu          loss rate
 2.000e+00 2.000e+01  -1.695901e+01  -7.326309e+00   2.601281e+00
   1.201293e+01  -1.377229e+01   4.259736e+00
cu          loss rate
 2.000e+01 1.000e+02  -2.648275e+01   2.298585e+01  -2.815227e+01
   1.675993e+01  -4.884827e+00   5.635291e-01
cu          zbar
 3.000e-02 2.000e-01   2.493209e+01   7.113713e+00  -3.587790e+01
  -4.772022e+01  -2.497487e+01  -4.844241e+00
cu          zbar
 2.000e-01 2.000e+00   1.950128e+01   1.168801e+01   4.453229e+01
   1.535716e+01  -1.945137e+02  -1.927700e+02
cu          zbar
 2.000e+00 2.000e+01   1.696854e+01   4.923923e+01  -8.931980e+01
   6.749509e+01  -1.527694e+01  -1.725680e+00
cu          zbar
 2.000e+01 1.000e+02   2.642157e+01  -8.491592e+00   2.149262e+01
  -1.696664e+01   5.838783e+00  -7.561221e-01
cu          zsqbar
 3.000e-02 2.000e-01   7.115468e+02   1.000301e+03   9.565354e+01
  -6.488294e+02  -4.635716e+02  -9.954163e+01
cu          zsqbar
 2.000e-01 2.000e+00   3.816695e+02   4.887108e+02   1.935704e+03
   9.256246e+02  -7.466625e+03  -7.789202e+03
cu          zsqbar
 2.000e+00 2.000e+01   2.442492e+02   2.296728e+03  -3.906596e+03
   2.502951e+03  -1.300864e+02  -2.573018e+02
cu          zsqbar
 2.000e+01 1.000e+02  -9.596126e+02   4.500423e+03  -4.749851e+03
   2.596472e+03  -7.254874e+02   8.217463e+01
zn          loss rate  30  65
 3.000e-02 2.000e-01  -2.383650e+01  -2.511418e+01  -3.889652e+01
  -2.974195e+01  -1.135297e+01  -1.641334e+00
zn          loss rate
 2.000e-01 2.000e+00  -1.831642e+01   2.348402e-01   5.838277e-01
  -9.666894e+00  -1.170652e+01  -7.421596e-01
zn          loss rate
 2.000e+00 2.000e+01  -1.711081e+01  -4.611919e+00  -5.473824e+00
   2.132755e+01  -1.834232e+01   5.039056e+00
zn          loss rate
 2.000e+01 1.000e+02  -2.305848e+01   1.205724e+01  -1.427137e+01
   8.073051e+00  -2.201412e+00   2.355720e-01
zn          zbar
 3.000e-02 2.000e-01   3.709378e+01   6.916623e+01   8.398712e+01
   6.441957e+01   2.613871e+01   4.263497e+00
zn          zbar
 2.000e-01 2.000e+00   2.004106e+01   7.386226e+00   3.673355e+01
   5.000509e+01  -1.239036e+02  -1.626988e+02
zn          zbar
 2.000e+00 2.000e+01   1.358237e+01   6.734057e+01  -1.154578e+02
   8.265403e+01  -1.806598e+01  -1.843582e+00
zn          zbar
 2.000e+01 1.000e+02   1.311083e+01   3.306718e+01  -2.818374e+01
   1.317985e+01  -3.386079e+00   3.783756e-01
zn          zsqbar
 3.000e-02 2.000e-01   5.886950e+03   2.569043e+04   4.588111e+04
   4.063175e+04   1.763981e+04   2.993267e+03
zn          zsqbar
 2.000e-01 2.000e+00   4.021612e+02   3.145769e+02   1.601862e+03
   2.360938e+03  -4.223383e+03  -6.169358e+03
zn          zsqbar
 2.000e+00 2.000e+01   7.657007e+01   3.172782e+03  -5.051338e+03
   2.984161e+03  -7.439179e+01  -3.118665e+02
zn          zsqbar
 2.000e+01 1.000e+02   9.036639e+02  -1.142769e+03   2.159005e+03
  -1.577957e+03   5.243271e+02  -6.646352e+01
as          loss rate  33  75
 4.000e-02 2.000e-01  -7.716260e+00   5.321364e+01   1.140566e+02
   1.204545e+02   6.241551e+01   1.292680e+01
as          loss rate
 2.000e-01 2.000e+00  -1.829699e+01  -5.153758e-01   4.158881e+00
  -1.317578e+00  -2.008778e+01  -1.599099e+01
as          loss rate
 2.000e+00 2.000e+01  -2.038860e+01   2.033486e+01  -6.717010e+01
   9.015033e+01  -5.434187e+01   1.226230e+01
as          loss rate
 2.000e+01 1.000e+02  -1.895937e+01  -2.130772e+00   4.826687e+00
  -4.317721e+00   1.713557e+00  -2.496812e-01
as          zbar
 4.000e-02 2.000e-01   2.510565e+01   2.125984e+01   4.808416e+00
  -3.535244e-01  -1.599796e-02   6.320473e-02
as          zbar
 2.000e-01 2.000e+00   2.260022e+01   1.599563e+00  -1.555644e+01
   7.640397e+01   1.577113e+02   7.628092e+01
as          zbar
 2.000e+00 2.000e+01   4.283285e+00   1.161831e+02  -2.000503e+02
   1.689221e+02  -7.025099e+01   1.184811e+01
as          zbar
 2.000e+01 1.000e+02   9.937977e+00   4.187210e+01  -3.062531e+01
   1.046139e+01  -1.350152e+00  -1.502192e-02
as          zsqbar
 4.000e-02 2.000e-01   5.443173e+02   4.966841e+02  -6.829014e+02
  -1.377362e+03  -8.422816e+02  -1.812388e+02
as          zsqbar
 2.000e-01 2.000e+00   5.106806e+02   6.643250e+01  -6.797211e+02
   3.370650e+03   8.192911e+03   4.635686e+03
as          zsqbar
 2.000e+00 2.000e+01  -4.130459e+02   5.647694e+03  -9.001907e+03
   6.798184e+03  -2.399118e+03   3.249734e+02
as          zsqbar
 2.000e+01 1.000e+02   6.493130e+03  -1.813076e+04   2.306876e+04
  -1.429706e+04   4.364554e+03  -5.277467e+02
kr          loss rate  36  84
 5.000e-02 2.000e-01   5.675641e+01   4.008519e+02   8.516540e+02
   8.894000e+02   4.547685e+02   9.121583e+01
kr          loss rate
 2.000e-01 2.000e+00  -1.813641e+01  -1.518980e+00   2.831872e+00
   6.121357e+00  -1.079979e+01  -1.574148e+01
kr          loss rate
 2.000e+00 2.000e+01  -2.338300e+01   3.908790e+01  -1.058863e+02
   1.264609e+02  -7.041265e+01   1.501634e+01
kr          loss rate
 2.000e+01 1.000e+02  -2.639275e+01   1.954424e+01  -2.069598e+01
   1.093239e+01  -2.881915e+00   3.063117e-01
kr          zbar
 5.000e-02 2.000e-01   2.737398e+02   1.421057e+03   3.108547e+03
   3.389628e+03   1.820894e+03   3.839509e+02
kr          zbar
 2.000e-01 2.000e+00   2.477349e+01   1.092932e+01  -3.982480e+01
  -5.751637e+00   1.585362e+02   1.513810e+02
kr          zbar
 2.000e+00 2.000e+01   4.204803e+01  -1.661638e+02   5.705165e+02
  -7.922044e+02   4.957934e+02  -1.162575e+02
kr          zbar
 2.000e+01 1.000e+02   6.978986e+01  -1.225901e+02   1.552172e+02
  -9.332670e+01   2.742765e+01  -3.189013e+00
kr          zsqbar
 5.000e-02 2.000e-01   5.381817e+03   2.748930e+04   5.854017e+04
   6.261657e+04   3.319315e+04   6.935469e+03
kr          zsqbar
 2.000e-01 2.000e+00   6.143160e+02   5.146053e+02  -1.716034e+03
  -6.501153e+02   7.278074e+03   7.341257e+03
kr          zsqbar
 2.000e+00 2.000e+01   1.779943e+03  -1.090432e+04   3.636628e+04
  -4.978460e+04   3.086954e+04  -7.187925e+03
kr          zsqbar
 2.000e+01 1.000e+02   6.402330e+02   8.449512e+02  -7.684344e+02
   5.662358e+02  -2.226235e+02   3.274024e+01
rb          loss rate  37  86
 5.000e-02 2.000e-01  -5.461500e+01  -1.799198e+02  -3.396319e+02
  -3.116770e+02  -1.413070e+02  -2.557812e+01
rb          loss rate
 2.000e-01 2.000e+00  -1.805387e+01  -1.738418e+00   1.219650e+00
   7.588206e+00  -8.653858e-01  -7.395018e+00
rb          loss rate
 2.000e+00 2.000e+01  -2.280738e+01   3.345901e+01  -8.641445e+01
   9.757053e+01  -5.117310e+01   1.026584e+01
rb          loss rate
 2.000e+01 1.000e+02  -2.919265e+01   2.804677e+01  -3.113057e+01
   1.739478e+01  -4.886712e+00   5.543989e-01
rb          zbar
 5.000e-02 2.000e-01  -3.551547e+02  -1.946297e+03  -3.993596e+03
  -3.978897e+03  -1.938713e+03  -3.712395e+02
rb          zbar
 2.000e-01 2.000e+00   2.509890e+01   1.476540e+01  -3.791386e+01
  -2.680326e+01   1.285615e+02   1.439607e+02
rb          zbar
 2.000e+00 2.000e+01   6.204155e+01  -3.029379e+02   9.189507e+02
  -1.207609e+03   7.330772e+02  -1.688443e+02
rb          zbar
 2.000e+01 1.000e+02   7.577081e+01  -1.359090e+02   1.686783e+02
  -9.998761e+01   2.905426e+01  -3.344525e+00
rb          zsqbar
 5.000e-02 2.000e-01  -6.008120e+03  -3.325844e+04  -6.914907e+04
  -6.947128e+04  -3.402959e+04  -6.537674e+03
rb          zsqbar
 2.000e-01 2.000e+00   6.317835e+02   7.053803e+02  -1.597891e+03
  -1.681687e+03   5.712419e+03   6.888763e+03
rb          zsqbar
 2.000e+00 2.000e+01   3.007220e+03  -1.941195e+04   5.820510e+04
  -7.592035e+04   4.583462e+04  -1.051075e+04
rb          zsqbar
 2.000e+01 1.000e+02  -8.982065e+02   5.364047e+03  -5.801515e+03
   3.312304e+03  -9.521516e+02   1.078834e+02
zr          loss rate  40  91
 6.000e-02 2.000e-01   4.194088e+01   3.340931e+02   7.382547e+02
   8.071008e+02   4.347286e+02   9.184923e+01
zr          loss rate
 2.000e-01 2.000e+00  -1.781824e+01  -1.649191e+00  -3.332629e+00
   5.645095e+00   1.945447e+01   1.496553e+01
zr          loss rate
 2.000e+00 2.000e+01  -1.704041e+01  -1.283663e+01   4.875841e+01
  -8.235932e+01   6.045776e+01  -1.600263e+01
zr          loss rate
 2.000e+01 1.000e+02  -2.070199e+01   2.374233e+00  -6.258366e-01
  -4.403334e-01   2.768551e-01  -4.008014e-02
zr          zbar
 6.000e-02 2.000e-01  -5.385338e+00  -8.931607e+01  -1.598863e+02
  -1.123506e+02  -1.607735e+01   8.870938e+00
zr          zbar
 2.000e-01 2.000e+00   2.499391e+01   2.470999e+01  -5.990359e+00
  -6.282610e+01  -9.317650e+01  -4.771215e+01
zr          zbar
 2.000e+00 2.000e+01   7.657727e+01  -3.558628e+02   9.416098e+02
  -1.097413e+03   5.967333e+02  -1.240668e+02
zr          zbar
 2.000e+01 1.000e+02   4.615110e+02  -1.231903e+03   1.420449e+03
  -8.139852e+02   2.325236e+02  -2.651841e+01
zr          zsqbar
 6.000e-02 2.000e-01  -7.756034e+02  -4.962154e+03  -1.017751e+04
  -9.845683e+03  -4.425980e+03  -7.027114e+02
zr          zsqbar
 2.000e-01 2.000e+00   6.311017e+02   1.227413e+03   1.329366e+02
  -3.542555e+03  -5.973208e+03  -3.122283e+03
zr          zsqbar
 2.000e+00 2.000e+01   3.898395e+03  -2.271358e+04   5.947928e+04
  -6.840839e+04   3.666574e+04  -7.508600e+03
zr          zsqbar
 2.000e+01 1.000e+02   2.853944e+04  -7.772424e+04   8.821534e+04
  -4.968874e+04   1.394148e+04  -1.561005e+03
nb          loss rate  41  93
 6.000e-02 2.000e-01   4.177402e+01   3.529368e+02   8.282366e+02
   9.635886e+02   5.536724e+02   1.251044e+02
nb          loss rate
 2.000e-01 2.000e+00  -1.776431e+01  -1.387898e+00  -3.733359e+00
   3.719864e+00   1.584268e+01   1.162981e+01
nb          loss rate
 2.000e+00 2.000e+01  -1.530416e+01  -2.611612e+01   8.563156e+01
  -1.290843e+02   8.812080e+01  -2.223193e+01
nb          loss rate
 2.000e+01 1.000e+02  -2.971208e+00  -4.979869e+01   6.050545e+01
  -3.610680e+01   1.064881e+01  -1.243395e+00
nb          zbar
 6.000e-02 2.000e-01  -3.030697e+02  -1.785471e+03  -3.983287e+03
  -4.382312e+03  -2.375700e+03  -5.063807e+02
nb          zbar
 2.000e-01 2.000e+00   2.475029e+01   2.626965e+01   5.974229e+00
  -5.514798e+01  -1.487047e+02  -1.207260e+02
nb          zbar
 2.000e+00 2.000e+01   5.660064e+01  -1.844949e+02   4.282073e+02
  -3.938376e+02   1.477869e+02  -1.569839e+01
nb          zbar
 2.000e+01 1.000e+02   5.314484e+02  -1.422496e+03   1.630344e+03
  -9.293432e+02   2.641637e+02  -2.998025e+01
nb          zsqbar
 6.000e-02 2.000e-01  -6.827270e+03  -3.973318e+04  -8.910379e+04
  -9.854336e+04  -5.371954e+04  -1.152123e+04
nb          zsqbar
 2.000e-01 2.000e+00   6.194856e+02   1.314366e+03   7.862240e+02
  -3.164929e+03  -8.738909e+03  -6.497950e+03
nb          zsqbar
 2.000e+00 2.000e+01   2.553027e+03  -1.118708e+04   2.477680e+04
  -2.055435e+04   5.961607e+03  -6.264767e+01
nb          zsqbar
 2.000e+01 1.000e+02   3.994708e+04  -1.104023e+05   1.257555e+05
  -7.118502e+04   2.007744e+04  -2.259231e+03
mo          loss rate  42  96
 6.000e-02 2.000e-01  -1.391054e+02  -6.493337e+02  -1.365838e+03
  -1.406464e+03  -7.086215e+02  -1.400571e+02
mo          loss rate
 2.000e-01 2.000e+00  -1.772592e+01  -1.058218e+00  -3.583172e+00
   1.660089e+00   8.565372e+00   4.532910e+00
mo          loss rate
 2.000e+00 2.000e+01  -1.385096e+01  -3.678452e+01   1.140587e+02
  -1.635634e+02   1.076260e+02  -2.642489e+01
mo          loss rate
 2.000e+01 1.000e+02   3.992684e+01  -1.757093e+02   2.074927e+02
  -1.214589e+02   3.531804e+01  -4.083832e+00
mo          zbar
 6.000e-02 2.000e-01   4.992399e+01   8.506398e+01  -7.973177e+01
  -3.870386e+02  -3.718837e+02  -1.120859e+02
mo          zbar
 2.000e-01 2.000e+00   2.449024e+01   2.684259e+01   1.299348e+01
  -4.145382e+01  -1.496935e+02  -1.385436e+02
mo          zbar
 2.000e+00 2.000e+01   3.412438e+01   4.468081e+00  -1.301926e+02
   3.624760e+02  -3.300307e+02   9.866466e+01
mo          zbar
 2.000e+01 1.000e+02   1.367133e+02  -2.287314e+02   2.005241e+02
  -7.899527e+01   1.288693e+01  -4.473430e-01
mo          zsqbar
 6.000e-02 2.000e-01   2.014558e+03   7.298917e+03   9.506964e+03
   2.943082e+03  -2.491931e+03  -1.366985e+03
mo          zsqbar
 2.000e-01 2.000e+00   6.061706e+02   1.341397e+03   1.238729e+03
  -2.327593e+03  -9.066151e+03  -7.680580e+03
mo          zsqbar
 2.000e+00 2.000e+01   1.039052e+03   1.543939e+03  -1.298176e+04
   3.078173e+04  -2.655365e+04   7.730802e+03
mo          zsqbar
 2.000e+01 1.000e+02  -1.044010e+04   4.144755e+04  -5.565986e+04
   3.642128e+04  -1.162727e+04   1.454795e+03
rh          loss rate  45 103
 7.000e-02 2.000e-01   1.376994e+02   8.404203e+02   1.786848e+03
   1.874211e+03   9.737561e+02   2.008888e+02
rh          loss rate
 2.000e-01 2.000e+00  -1.768008e+01  -9.738571e-02  -2.847142e+00
  -3.325906e+00   1.002180e+00   1.379663e+00
rh          loss rate
 2.000e+00 2.000e+01  -1.141403e+01  -5.045276e+01   1.395774e+02
  -1.805608e+02   1.088862e+02  -2.480390e+01
rh          loss rate
 2.000e+01 1.000e+02  -5.328140e+01   1.096783e+02  -1.387308e+02
   8.676194e+01  -2.679434e+01   3.273049e+00
rh          zbar
 7.000e-02 2.000e-01  -3.006026e+02  -1.574088e+03  -3.044857e+03
  -2.883747e+03  -1.353070e+03  -2.522223e+02
rh          zbar
 2.000e-01 2.000e+00   2.385569e+01   2.589635e+01   7.387448e+00
  -2.148338e+01   6.529377e+01   9.799087e+01
rh          zbar
 2.000e+00 2.000e+01  -3.266264e+01   5.220854e+02  -1.547097e+03
   2.152602e+03  -1.391557e+03   3.384242e+02
rh          zbar
 2.000e+01 1.000e+02  -1.058566e+03   3.298031e+03  -3.919706e+03
   2.310768e+03  -6.757734e+02   7.848586e+01
rh          zsqbar
 7.000e-02 2.000e-01  -1.067288e+04  -5.545820e+04  -1.098845e+05
  -1.069071e+05  -5.158441e+04  -9.912295e+03
rh          zsqbar
 2.000e-01 2.000e+00   5.732661e+02   1.239066e+03   1.092577e+03
  -2.094847e+02   1.603416e+03   2.641056e+03
rh          zsqbar
 2.000e+00 2.000e+01  -3.788220e+03   3.907462e+04  -1.163665e+05
   1.621908e+05  -1.048343e+05   2.546993e+04
rh          zsqbar
 2.000e+01 1.000e+02  -8.303422e+04   2.538534e+05  -3.013649e+05
   1.774507e+05  -5.182918e+04   6.012015e+03
ag          loss rate  47 108
 7.000e-02 2.000e-01  -3.795376e+01  -9.480474e+01  -1.814796e+02
  -1.797662e+02  -9.073398e+01  -1.848865e+01
ag          loss rate
 2.000e-01 2.000e+00  -1.770108e+01   2.015804e-01  -1.604788e+00
  -2.902979e+00  -2.465746e+00  -4.111115e+00
ag          loss rate
 2.000e+00 2.000e+01  -1.248988e+01  -3.786513e+01   9.418656e+01
  -1.097435e+02   5.920939e+01  -1.193686e+01
ag          loss rate
 2.000e+01 1.000e+02  -3.302241e+01   4.518472e+01  -5.654964e+01
   3.457716e+01  -1.031558e+01   1.206082e+00
ag          zbar
 7.000e-02 2.000e-01  -5.394950e+00  -1.813599e+02  -4.417952e+02
  -4.672225e+02  -2.381528e+02  -4.769012e+01
ag          zbar
 2.000e-01 2.000e+00   2.331535e+01   2.459687e+01   2.154387e+01
  -3.110731e+01   3.036504e+00   7.088077e+01
ag          zbar
 2.000e+00 2.000e+01  -5.718030e+01   6.730546e+02  -1.852864e+03
   2.410827e+03  -1.471666e+03   3.406312e+02
ag          zbar
 2.000e+01 1.000e+02   2.136716e+02  -6.328191e+02   9.083824e+02
  -6.318902e+02   2.143564e+02  -2.844840e+01
ag          zsqbar
 7.000e-02 2.000e-01  -9.674592e+02  -9.204329e+03  -2.232062e+04
  -2.433106e+04  -1.274322e+04  -2.617907e+03
ag          zsqbar
 2.000e-01 2.000e+00   5.486175e+02   1.158215e+03   1.540590e+03
  -3.336129e+02   1.095252e+02   2.203301e+03
ag          zsqbar
 2.000e+00 2.000e+01  -5.600118e+03   5.043783e+04  -1.399720e+05
   1.828771e+05  -1.117623e+05   2.585316e+04
ag          zsqbar
 2.000e+01 1.000e+02   4.967497e+03  -1.878245e+04   3.445510e+04
  -2.775648e+04   1.038801e+04  -1.477527e+03
sn          loss rate  50 119
 7.000e-02 2.000e-01  -2.720143e+01  -4.747628e+01  -9.237451e+01
  -9.185226e+01  -4.605716e+01  -9.236912e+00
sn          loss rate
 2.000e-01 2.000e+00  -1.772743e+01   4.136377e-01  -1.503534e+00
  -4.428303e+00   8.540372e+00   1.216477e+01
sn          loss rate
 2.000e+00 2.000e+01  -1.865141e+01   1.251001e+01  -5.279125e+01
   8.774167e+01  -6.488447e+01   1.760887e+01
sn          loss rate
 2.000e+01 1.000e+02   3.206135e+01  -1.511331e+02   1.794951e+02
  -1.066184e+02   3.167572e+01  -3.758814e+00
sn          zbar
 7.000e-02 2.000e-01   1.012843e+02   4.079013e+02   8.322643e+02
   8.980066e+02   4.895918e+02   1.070228e+02
sn          zbar
 2.000e-01 2.000e+00   2.298685e+01   1.665707e+01   5.542842e+01
   1.386567e+01  -2.177020e+02  -2.001744e+02
sn          zbar
 2.000e+00 2.000e+01  -2.920487e+01   3.910282e+02  -8.688852e+02
   9.069315e+02  -4.271849e+02   7.105160e+01
sn          zbar
 2.000e+01 1.000e+02   8.136084e+02  -2.390997e+03   2.950388e+03
  -1.801231e+03   5.445087e+02  -6.521708e+01
sn          zsqbar
 7.000e-02 2.000e-01   3.088180e+03   1.305951e+04   2.550007e+04
   2.646144e+04   1.404372e+04   3.004590e+03
sn          zsqbar
 2.000e-01 2.000e+00   5.309778e+02   8.076628e+02   2.860225e+03
   1.498901e+03  -8.911180e+03  -9.036582e+03
sn          zsqbar
 2.000e+00 2.000e+01  -3.215697e+03   2.705484e+04  -5.943438e+04
   6.031351e+04  -2.665655e+04   3.857208e+03
sn          zsqbar
 2.000e+01 1.000e+02   7.274273e+04  -2.198025e+05   2.709228e+05
  -1.651687e+05   4.984656e+04  -5.958438e+03
xe          loss rate  54 131
 8.000e-02 2.000e-01  -2.027268e+01  -1.530175e+01  -3.074559e+01
  -3.155125e+01  -1.600739e+01  -3.091098e+00
xe          loss rate
 2.000e-01 2.000e+00  -1.778249e+01   2.776326e-01   1.901048e+00
  -5.727093e+00  -6.456918e+00   2.998206e+00
xe          loss rate
 2.000e+00 2.000e+01  -2.445710e+01   5.504902e+01  -1.625266e+02
   2.174682e+02  -1.363026e+02   3.242959e+01
xe          loss rate
 2.000e+01 1.000e+02  -3.693019e+01   6.802255e+01  -9.562685e+01
   6.445816e+01  -2.107990e+01   2.700387e+00
xe          zbar
 8.000e-02 2.000e-01  -1.612164e+02  -1.091205e+03  -2.598436e+03
  -3.017742e+03  -1.738551e+03  -3.985737e+02
xe          zbar
 2.000e-01 2.000e+00   2.556534e+01   1.945143e+00   7.525661e+00
   1.189704e+02   7.082395e+01  -5.952649e+01
xe          zbar
 2.000e+00 2.000e+01   9.150919e+01  -5.787113e+02   1.935449e+03
  -2.807403e+03   1.874038e+03  -4.698366e+02
xe          zbar
 2.000e+01 1.000e+02  -6.232300e+02   2.021506e+03  -2.433083e+03
   1.466899e+03  -4.421468e+02   5.324441e+01
xe          zsqbar
 8.000e-02 2.000e-01   1.398493e+03   4.471387e+03   7.539437e+03
   7.540648e+03   4.061307e+03   8.980940e+02
xe          zsqbar
 2.000e-01 2.000e+00   6.534580e+02   1.021993e+02   3.911809e+02
   6.188948e+03   6.015181e+03  -6.423355e+02
xe          zsqbar
 2.000e+00 2.000e+01   6.855933e+03  -5.375176e+04   1.745354e+05
  -2.502967e+05   1.662969e+05  -4.160487e+04
xe          zsqbar
 2.000e+01 1.000e+02  -7.966995e+04   2.474997e+05  -2.983927e+05
   1.799612e+05  -5.420930e+04   6.519287e+03
cs          loss rate  55 133
 9.000e-02 2.000e-01  -2.226472e+01  -2.891183e+01  -6.650678e+01
  -7.731100e+01  -4.461737e+01  -1.006619e+01
cs          loss rate
 2.000e-01 2.000e+00  -1.779566e+01   1.185689e-01   3.532876e+00
  -4.526475e+00  -1.757307e+01  -1.006004e+01
cs          loss rate
 2.000e+00 2.000e+01  -2.429092e+01   5.261755e+01  -1.516358e+02
   1.979415e+02  -1.211167e+02   2.815829e+01
cs          loss rate
 2.000e+01 1.000e+02  -9.336565e+00  -1.696852e+01   8.957417e+00
   2.892434e-01  -1.461402e+00   3.103049e-01
cs          zbar
 9.000e-02 2.000e-01   8.626999e+01   3.629574e+02   7.997300e+02
   9.342772e+02   5.489501e+02   1.285865e+02
cs          zbar
 2.000e-01 2.000e+00   2.659066e+01   1.164208e+00  -1.903211e+01
   1.147274e+02   2.124507e+02   8.485562e+01
cs          zbar
 2.000e+00 2.000e+01   1.082264e+02  -7.033150e+02   2.258319e+03
  -3.179688e+03   2.069898e+03  -5.078164e+02
cs          zbar
 2.000e+01 1.000e+02  -2.883174e+02   9.604812e+02  -1.096738e+03
   6.317345e+02  -1.829121e+02   2.125169e+01
cs          zsqbar
 9.000e-02 2.000e-01   2.705206e+03   1.230703e+04   2.609896e+04
   2.938972e+04   1.686177e+04   3.883692e+03
cs          zsqbar
 2.000e-01 2.000e+00   7.063513e+02   5.964718e+01  -9.638854e+02
   5.898441e+03   1.311880e+04   6.682712e+03
cs          zsqbar
 2.000e+00 2.000e+01   8.333109e+03  -6.474255e+04   2.031044e+05
  -2.834335e+05   1.838715e+05  -4.504638e+04
cs          zsqbar
 2.000e+01 1.000e+02  -3.617111e+04   1.112300e+05  -1.285915e+05
   7.488053e+04  -2.188774e+04   2.564028e+03
ba          loss rate  56 137
 9.000e-02 2.000e-01  -2.004007e+01  -1.806401e+01  -4.671718e+01
  -6.146551e+01  -3.997158e+01  -1.006616e+01
ba          loss rate
 2.000e-01 2.000e+00  -1.779928e+01  -1.476108e-01   4.782499e+00
  -2.258332e+00  -2.531186e+01  -2.108206e+01
ba          loss rate
 2.000e+00 2.000e+01  -2.316822e+01   4.263642e+01  -1.190385e+02
   1.495006e+02  -8.785662e+01   1.959862e+01
ba          loss rate
 2.000e+01 1.000e+02   4.837305e+00  -6.015185e+01   6.171856e+01
  -3.192466e+01   8.353925e+00  -8.826247e-01
ba          zbar
 9.000e-02 2.000e-01   1.669243e+02   8.317686e+02   1.879463e+03
   2.169884e+03   1.251546e+03   2.873109e+02
ba          zbar
 2.000e-01 2.000e+00   2.760315e+01   3.006613e+00  -4.135601e+01
   8.707047e+01   2.955639e+02   1.948243e+02
ba          zbar
 2.000e+00 2.000e+01   1.150627e+02  -7.468716e+02   2.338029e+03
  -3.215317e+03   2.047923e+03  -4.924792e+02
ba          zbar
 2.000e+01 1.000e+02  -2.877755e+02   9.316016e+02  -1.028834e+03
   5.723742e+02  -1.598611e+02   1.789603e+01
ba          zsqbar
 9.000e-02 2.000e-01   4.313773e+02  -9.247558e+02  -4.677228e+03
  -6.240850e+03  -3.655699e+03  -8.184644e+02
ba          zsqbar
 2.000e-01 2.000e+00   7.604249e+02   1.580870e+02  -2.103106e+03
   4.330852e+03   1.697478e+04   1.202521e+04
ba          zsqbar
 2.000e+00 2.000e+01   8.918536e+03  -6.842647e+04   2.097199e+05
  -2.860721e+05   1.816263e+05  -4.361406e+04
ba          zsqbar
 2.000e+01 1.000e+02  -9.041400e+03   2.527563e+04  -2.054108e+04
   7.621899e+03  -1.126427e+03   1.925208e+01
gd          loss rate  64 157
 1.200e-01 2.000e-01  -3.460576e+01  -1.088745e+02  -2.694569e+02
  -3.310136e+02  -2.029086e+02  -4.939538e+01
gd          loss rate
 2.000e-01 2.000e+00  -1.738934e+01  -1.647228e+00  -2.882549e+00
   6.146943e+00   2.401495e+01   1.974382e+01
gd          loss rate
 2.000e+00 2.000e+01  -1.330247e+01  -3.790525e+01   1.191310e+02
  -1.718326e+02   1.138282e+02  -2.819822e+01
gd          loss rate
 2.000e+01 1.000e+02  -1.884756e+01   1.486681e+01  -2.992004e+01
   2.291991e+01  -7.833732e+00   1.009846e+00
gd          zbar
 1.200e-01 2.000e-01   7.829703e+02   4.769151e+03   1.188174e+04
   1.483023e+04   9.240788e+03   2.298377e+03
gd          zbar
 2.000e-01 2.000e+00   2.856652e+01   3.678168e+01   1.303005e+01
  -1.091694e+02  -2.804433e+02  -1.961715e+02
gd          zbar
 2.000e+00 2.000e+01   9.672055e+00   2.763529e+02  -1.090200e+03
   1.914294e+03  -1.456258e+03   3.995632e+02
gd          zbar
 2.000e+01 1.000e+02  -5.971814e+02   1.679043e+03  -1.732272e+03
   9.004200e+02  -2.350369e+02   2.459679e+01
gd          zsqbar
 1.200e-01 2.000e-01   9.766746e+02   2.864692e+03   4.392323e+03
   3.990840e+03   1.909497e+03   3.536533e+02
gd          zsqbar
 2.000e-01 2.000e+00   8.256835e+02   2.130140e+03   1.704353e+03
  -6.944562e+03  -2.009690e+04  -1.444800e+04
gd          zsqbar
 2.000e+00 2.000e+01  -2.888344e+03   3.967119e+04  -1.416393e+05
   2.308890e+05  -1.680504e+05   4.486652e+04
gd          zsqbar
 2.000e+01 1.000e+02  -7.517243e+04   2.052604e+05  -2.169131e+05
   1.159632e+05  -3.125608e+04   3.390635e+03
ta          loss rate  73 181
 1.000e-01 2.000e-01  -2.106464e+01  -2.204473e+01  -5.938495e+01
  -8.063095e+01  -5.629389e+01  -1.640824e+01
ta          loss rate
 2.000e-01 2.000e+00  -1.722615e+01  -5.284469e-02  -1.602685e+00
  -3.671576e-02  -9.672115e-01  -2.133098e+00
ta          loss rate
 2.000e+00 2.000e+01  -1.411167e+01  -2.009838e+01   3.880742e+01
  -2.926432e+01   4.925379e+00   1.781689e+00
ta          loss rate
 2.000e+01 1.000e+02  -2.552093e+02   6.934682e+02  -8.050034e+02
   4.638066e+02  -1.328084e+02   1.513840e+01
ta          zbar
 1.000e-01 2.000e-01   8.416552e+01   4.249367e+02   1.037798e+03
   1.292121e+03   8.156041e+02   2.086197e+02
ta          zbar
 2.000e-01 2.000e+00   2.577702e+01   2.801826e+01   1.920009e+01
   1.868616e+01  -1.210254e+01  -3.892940e+01
ta          zbar
 2.000e+00 2.000e+01  -9.882825e+01   9.544764e+02  -2.385586e+03
   2.751611e+03  -1.444609e+03   2.780765e+02
ta          zbar
 2.000e+01 1.000e+02   5.298883e+03  -1.547667e+04   1.812443e+04
  -1.052781e+04   3.038588e+03  -3.490031e+02
ta          zsqbar
 1.000e-01 2.000e-01   4.649851e+03   2.714774e+04   6.616936e+04
   8.100259e+04   4.970645e+04   1.223313e+04
ta          zsqbar
 2.000e-01 2.000e+00   6.700834e+02   1.461842e+03   1.788279e+03
   1.805439e+03   5.645897e+02  -7.422164e+02
ta          zsqbar
 2.000e+00 2.000e+01  -9.618539e+03   7.640280e+04  -1.865344e+05
   2.059947e+05  -1.000237e+05   1.683665e+04
ta          zsqbar
 2.000e+01 1.000e+02   6.857246e+05  -2.012877e+06   2.354584e+06
  -1.366202e+06   3.939120e+05  -4.519909e+04
w           loss rate  74 184
 1.000e-01 2.000e-01   5.340828e+00   1.560876e+02   4.171705e+02
   5.502578e+02   3.567584e+02   9.042786e+01
w           loss rate
 2.000e-01 2.000e+00  -1.723894e+01   5.423752e-02  -1.221071e+00
   4.411813e-01  -4.485821e+00  -7.836137e+00
w           loss rate
 2.000e+00 2.000e+01  -1.474880e+01  -1.439542e+01   2.105855e+01
  -4.394746e+00  -1.106006e+01   5.616986e+00
w           loss rate
 2.000e+01 1.000e+02  -2.624262e+02   7.125586e+02  -8.250170e+02
   4.742408e+02  -1.355175e+02   1.541889e+01
w           zbar
 1.000e-01 2.000e-01   1.555776e+02   9.075265e+02   2.344661e+03
   3.050606e+03   1.995100e+03   5.250867e+02
w           zbar
 2.000e-01 2.000e+00   2.560688e+01   2.746453e+01   1.880356e+01
   2.109783e+01  -1.779689e+01  -5.671643e+01
w           zbar
 2.000e+00 2.000e+01  -8.081505e+01   7.807108e+02  -1.793494e+03
   1.856495e+03  -8.288592e+02   1.207945e+02
w           zbar
 2.000e+01 1.000e+02   6.270439e+03  -1.827260e+04   2.132807e+04
  -1.235512e+04   3.557784e+03  -4.078163e+02
w           zsqbar
 1.000e-01 2.000e-01  -1.057516e+04  -6.461370e+04  -1.535776e+05
  -1.806057e+05  -1.050080e+05  -2.408997e+04
w           zsqbar
 2.000e-01 2.000e+00   6.620789e+02   1.417530e+03   1.722973e+03
   1.884802e+03   3.569431e+02  -1.384352e+03
w           zsqbar
 2.000e+00 2.000e+01  -7.481746e+03   5.666677e+04  -1.210664e+05
   1.084440e+05  -3.344618e+04  -8.941927e+01
w           zsqbar
 2.000e+01 1.000e+02   8.064275e+05  -2.358791e+06   2.749159e+06
  -1.590203e+06   4.572558e+05  -5.234089e+04
ir          loss rate  77 192
 1.200e-01 2.000e-01  -8.806585e+02  -5.476150e+03  -1.384155e+04
  -1.741388e+04  -1.090260e+04  -2.717910e+03
ir          loss rate
 2.000e-01 2.000e+00  -1.727341e+01   4.217608e-01  -1.937532e+00
  -9.930510e-01   4.078644e+00   2.802941e+00
ir          loss rate
 2.000e+00 2.000e+01  -2.171187e+01   3.958750e+01  -1.288894e+02
   1.878894e+02  -1.267756e+02   3.208405e+01
ir          loss rate
 2.000e+01 1.000e+02   1.451132e+02  -5.106844e+02   6.336506e+02
  -3.898862e+02   1.189153e+02  -1.438100e+01
ir          zbar
 1.200e-01 2.000e-01   6.835974e+03   4.241523e+04   1.050920e+05
   1.296459e+05   7.963359e+04   1.949093e+04
ir          zbar
 2.000e-01 2.000e+00   2.532106e+01   2.734291e+01   4.629555e+00
  -6.335397e+00   1.072025e+02   1.210168e+02
ir          zbar
 2.000e+00 2.000e+01   8.090608e+01  -5.321838e+02   2.064758e+03
  -3.355479e+03   2.460642e+03  -6.649323e+02
ir          zbar
 2.000e+01 1.000e+02   4.232592e+03  -1.189070e+04   1.343360e+04
  -7.525184e+03   2.095061e+03  -2.322350e+02
ir          zsqbar
 1.200e-01 2.000e-01   3.208620e+05   1.995556e+06   4.951495e+06
   6.121311e+06   3.770381e+06   9.258468e+05
ir          zsqbar
 2.000e-01 2.000e+00   6.444467e+02   1.374137e+03   1.113673e+03
   8.094684e+02   4.550647e+03   4.678006e+03
ir          zsqbar
 2.000e+00 2.000e+01   8.478106e+03  -7.260929e+04   2.588765e+05
  -4.052998e+05   2.910839e+05  -7.761988e+04
ir          zsqbar
 2.000e+01 1.000e+02   5.630788e+05  -1.590281e+06   1.791573e+06
  -1.000649e+06   2.777537e+05  -3.069549e+04
au          loss rate  79 197
 1.200e-01 2.000e-01  -1.802467e+00   1.297200e+02   3.794719e+02
   5.214386e+02   3.463332e+02   9.007403e+01
au          loss rate
 2.000e-01 2.000e+00  -1.732093e+01   5.957559e-01  -1.460515e+00
  -1.690945e+00   3.218744e+00   2.399258e+00
au          loss rate
 2.000e+00 2.000e+01  -2.382713e+01   5.537012e+01  -1.701609e+02
   2.367592e+02  -1.533781e+02   3.746572e+01
au          loss rate
 2.000e+01 1.000e+02   3.655248e+02  -1.168337e+03   1.413288e+03
  -8.490739e+02   2.533425e+02  -3.003625e+01
au          zbar
 1.200e-01 2.000e-01  -6.573513e+02  -4.250248e+03  -1.055364e+04
  -1.299542e+04  -7.981006e+03  -1.957743e+03
au          zbar
 2.000e-01 2.000e+00   2.497399e+01   2.742563e+01   1.242171e+01
  -3.124922e+01   6.481328e+01   1.273108e+02
au          zbar
 2.000e+00 2.000e+01   1.730723e+02  -1.259165e+03   4.122217e+03
  -6.014885e+03   4.060326e+03  -1.028155e+03
au          zbar
 2.000e+01 1.000e+02  -2.899711e+03   9.539387e+03  -1.213698e+04
   7.630083e+03  -2.368479e+03   2.906010e+02
au          zsqbar
 1.200e-01 2.000e-01  -2.450561e+04  -1.524637e+05  -3.691300e+05
  -4.424136e+05  -2.639048e+05  -6.279341e+04
au          zsqbar
 2.000e-01 2.000e+00   6.285466e+02   1.362977e+03   1.344066e+03
  -2.257288e+02   2.780839e+03   4.735453e+03
au          zsqbar
 2.000e+00 2.000e+01   1.747198e+04  -1.433044e+05   4.585096e+05
  -6.625753e+05   4.451185e+05  -1.123477e+05
au          zsqbar
 2.000e+01 1.000e+02  -4.291640e+05   1.390685e+06  -1.764749e+06
   1.106627e+06  -3.426838e+05   4.194978e+04
hg          loss rate  80 201
 1.200e-01 2.000e-01  -8.285376e+01  -3.837545e+02  -9.089531e+02
  -1.083649e+03  -6.478408e+02  -1.550439e+02
hg          loss rate
 2.000e-01 2.000e+00  -1.734899e+01   6.419893e-01  -9.527458e-01
  -1.733279e+00   6.306658e-01  -6.524034e-01
hg          loss rate
 2.000e+00 2.000e+01  -2.391285e+01   5.524455e+01  -1.667912e+02
   2.280661e+02  -1.453095e+02   3.493993e+01
hg          loss rate
 2.000e+01 1.000e+02   4.583799e+02  -1.443843e+03   1.738152e+03
  -1.039432e+03   3.087977e+02  -3.646434e+01
hg          zbar
 1.200e-01 2.000e-01   5.742970e+02   3.371921e+03   8.292871e+03
   1.028191e+04   6.378808e+03   1.581481e+03
hg          zbar
 2.000e-01 2.000e+00   2.477447e+01   2.675441e+01   2.240802e+01
  -3.736303e+01   2.825087e+00   8.351794e+01
hg          zbar
 2.000e+00 2.000e+01   1.968710e+02  -1.438030e+03   4.590351e+03
  -6.556208e+03   4.341015e+03  -1.080398e+03
hg          zbar
 2.000e+01 1.000e+02  -6.555241e+03   2.048513e+04  -2.515361e+04
   1.531943e+04  -4.625865e+03   5.541890e+02
hg          zsqbar
 1.200e-01 2.000e-01   2.297430e+04   1.367155e+05   3.341231e+05
   4.113737e+05   2.535701e+05   6.246450e+04
hg          zsqbar
 2.000e-01 2.000e+00   6.193340e+02   1.333349e+03   1.728784e+03
  -5.350281e+02   5.756399e+01   2.710245e+03
hg          zsqbar
 2.000e+00 2.000e+01   1.966860e+04  -1.595747e+05   5.002003e+05
  -7.090886e+05   4.677879e+05  -1.161040e+05
hg          zsqbar
 2.000e+01 1.000e+02  -9.579429e+05   2.977747e+06  -3.656658e+06
   2.226982e+06  -6.723971e+05   8.054351e+04
bi          loss rate  83 209
 1.200e-01 2.000e-01   1.691654e+01   2.201134e+02   5.586079e+02
   7.009242e+02   4.361924e+02   1.079456e+02
bi          loss rate
 2.000e-01 2.000e+00  -1.741199e+01   6.864998e-01  -5.834381e-01
  -2.841552e+00   3.836977e+00   5.888367e+00
bi          loss rate
 2.000e+00 2.000e+01  -2.290993e+01   4.392271e+01  -1.229625e+02
   1.551537e+02  -9.114046e+01   2.017553e+01
bi          loss rate
 2.000e+01 1.000e+02   1.559316e+02  -4.964223e+02   5.616073e+02
  -3.150932e+02   8.764074e+01  -9.663622e+00
bi          zbar
 1.200e-01 2.000e-01  -3.153101e+03  -1.982416e+04  -4.934175e+04
  -6.116369e+04  -3.780362e+04  -9.322405e+03
bi          zbar
 2.000e-01 2.000e+00   2.447236e+01   2.006823e+01   5.965724e+01
   3.778277e-01  -2.404648e+02  -2.014667e+02
bi          zbar
 2.000e+00 2.000e+01   2.025621e+02  -1.413102e+03   4.244368e+03
  -5.684187e+03   3.531764e+03  -8.261226e+02
bi          zbar
 2.000e+01 1.000e+02  -1.387057e+04   4.207974e+04  -5.047426e+04
   3.007213e+04  -8.899044e+03   1.046697e+03
bi          zsqbar
 1.200e-01 2.000e-01   1.577811e+04   9.174008e+04   2.210348e+05
   2.693028e+05   1.646058e+05   4.027007e+04
bi          zsqbar
 2.000e-01 2.000e+00   6.030514e+02   1.032229e+03   3.297447e+03
   1.061819e+03  -1.054742e+04  -9.816636e+03
bi          zsqbar
 2.000e+00 2.000e+01   1.950489e+04  -1.506810e+05   4.452275e+05
  -5.913722e+05   3.652132e+05  -8.483176e+04
bi          zsqbar
 2.000e+01 1.000e+02  -2.075153e+06   6.281865e+06  -7.538192e+06
   4.492698e+06  -1.329854e+06   1.564514e+05
rn          loss rate  86 222
 1.200e-01 2.000e-01   1.653729e+00   1.191212e+02   2.984968e+02
   3.719577e+02   2.306947e+02   5.708704e+01
rn          loss rate
 2.000e-01 2.000e+00  -1.745137e+01   6.032115e-01  -3.133017e-01
  -3.943300e+00   7.126507e+00   1.363919e+01
rn          loss rate
 2.000e+00 2.000e+01  -1.906617e+01   1.102964e+01  -2.072096e+01
   9.817985e+00   4.891017e+00  -3.730777e+00
rn          loss rate
 2.000e+01 1.000e+02   1.487832e+00  -6.324102e+00  -5.280841e+01
   6.573155e+01  -2.916038e+01   4.529059e+00
rn          zbar
 1.200e-01 2.000e-01  -1.822324e+03  -1.152310e+04  -2.870455e+04
  -3.558558e+04  -2.199536e+04  -5.424266e+03
rn          zbar
 2.000e-01 2.000e+00   2.576373e+01   7.401570e+00   5.306745e+01
   1.024646e+02  -1.972741e+02  -3.034637e+02
rn          zbar
 2.000e+00 2.000e+01   1.156715e+02  -6.604217e+02   1.823377e+03
  -2.087757e+03   1.050869e+03  -1.837929e+02
rn          zbar
 2.000e+01 1.000e+02  -9.246793e+03   2.710209e+04  -3.132355e+04
   1.798149e+04  -5.125997e+03   5.806795e+02
rn          zsqbar
 1.200e-01 2.000e-01  -1.357754e+04  -8.976969e+04  -2.279748e+05
  -2.855828e+05  -1.778233e+05  -4.413238e+04
rn          zsqbar
 2.000e-01 2.000e+00   6.652745e+02   4.113282e+02   2.831410e+03
   5.871701e+03  -7.315425e+03  -1.331754e+04
rn          zsqbar
 2.000e+00 2.000e+01   9.377993e+03  -6.318485e+04   1.650151e+05
  -1.763630e+05   7.936495e+04  -1.085551e+04
rn          zsqbar
 2.000e+01 1.000e+02  -1.359307e+06   3.967673e+06  -4.583546e+06
   2.629194e+06  -7.487024e+05   8.469938e+04
th          loss rate  90 232
 1.300e-01 2.000e-01  -2.036540e+01  -2.026522e+01  -5.287439e+01
  -6.923625e+01  -4.541545e+01  -1.171118e+01
th          loss rate
 2.000e-01 2.000e+00  -1.750752e+01   2.643170e-01   2.718145e+00
  -2.249190e+00  -1.359796e+01  -9.364738e+00
th          loss rate
 2.000e+00 2.000e+01  -1.391504e+01  -3.090960e+01   1.024687e+02
  -1.558457e+02   1.087274e+02  -2.831970e+01
th          loss rate
 2.000e+01 1.000e+02  -2.480498e+02   7.439763e+02  -9.453207e+02
   5.912408e+02  -1.824275e+02   2.225511e+01
th          zbar
 1.300e-01 2.000e-01   3.137455e+02   1.846632e+03   4.673632e+03
   5.977233e+03   3.818579e+03   9.729410e+02
th          zbar
 2.000e-01 2.000e+00   2.971382e+01   1.793511e+00  -3.713679e+01
   1.162935e+02   2.858772e+02   1.465962e+02
th          zbar
 2.000e+00 2.000e+01  -4.425139e+01   6.506882e+02  -2.135265e+03
   3.434746e+03  -2.540479e+03   6.966372e+02
th          zbar
 2.000e+01 1.000e+02  -1.045039e+03   1.354970e+03   6.375423e+02
  -1.642719e+03   8.393307e+02  -1.380820e+02
th          zsqbar
 1.300e-01 2.000e-01   9.003881e+02   6.845191e+02  -3.079759e+03
  -6.860113e+03  -5.555824e+03  -1.652404e+03
th          zsqbar
 2.000e-01 2.000e+00   8.811499e+02   1.079726e+02  -2.056073e+03
   6.263491e+03   1.842761e+04   1.108070e+04
th          zsqbar
 2.000e+00 2.000e+01  -9.340890e+03   9.032315e+04  -2.979839e+05
   4.690480e+05  -3.401655e+05   9.196123e+04
th          zsqbar
 2.000e+01 1.000e+02  -3.000199e+04  -1.969330e+05   5.780128e+05
  -5.361556e+05   2.125957e+05  -3.104413e+04
u           loss rate  92 238
 1.300e-01 2.000e-01  -1.495556e+01   1.580063e+01   4.267616e+01
   5.603013e+01   3.551035e+01   8.939166e+00
u           loss rate
 2.000e-01 2.000e+00  -1.751080e+01  -3.202753e-02   3.790328e+00
   1.176829e-01  -2.136256e+01  -2.083761e+01
u           loss rate
 2.000e+00 2.000e+01  -1.284022e+01  -3.894788e+01   1.228803e+02
  -1.779799e+02   1.189095e+02  -2.980163e+01
u           loss rate
 2.000e+01 1.000e+02  -5.994968e+01   1.521015e+02  -2.043828e+02
   1.302916e+02  -3.997439e+01   4.763369e+00
u           zbar
 1.300e-01 2.000e-01  -2.728853e+02  -1.995620e+03  -5.368519e+03
  -7.103317e+03  -4.671403e+03  -1.223613e+03
u           zbar
 2.000e-01 2.000e+00   3.161530e+01   8.357098e+00  -7.346013e+01
   4.251911e+01   3.891676e+02   3.251566e+02
u           zbar
 2.000e+00 2.000e+01  -9.547400e+01   1.048103e+03  -3.252743e+03
   4.861249e+03  -3.374666e+03   8.772440e+02
u           zbar
 2.000e+01 1.000e+02   4.324415e+03  -1.504300e+04   2.046761e+04
  -1.351976e+04   4.365320e+03  -5.534482e+02
u           zsqbar
 1.300e-01 2.000e-01   9.630516e+03   5.629910e+04   1.381985e+05
   1.723639e+05   1.080501e+05   2.713863e+04
u           zsqbar
 2.000e-01 2.000e+00   9.955995e+02   4.987817e+02  -4.077736e+03
   1.727808e+03   2.319399e+04   2.037862e+04
u           zsqbar
 2.000e+00 2.000e+01  -1.532802e+04   1.367469e+05  -4.280375e+05
   6.341909e+05  -4.360135e+05   1.124886e+05
u           zsqbar
 2.000e+01 1.000e+02   9.173417e+05  -3.088004e+06   4.073355e+06
  -2.630039e+06   8.345447e+05  -1.043701e+05
